1.01291
1.02739
1.05656
1.05604
1.17273
1.16281
1.01456
1.03142
1.07108
1.08568
1.22552
1.24111
1.01895
1.04309
1.09541
1.1267
1.37251
1.50738
1.04319
1.08641
1.1729
1.47996
1.6425
1.59074
1.04533
1.06567
1.11029
1.25651
1.3444
1.51153
1.03586
1.05014
1.09376
1.28728
1.28812
1.58154
1.0397
1.05294
1.10003
1.28822
1.52079
3.17819
1.06607
1.08422
1.19713
1.8063
1.52173
3.17819
1.17577
1.18675
1.26573
2.0891
2.0891
1.97412
1.12885
1.10828
1.16635
1.8063
1.57014
1
1.11525
1.10587
1.13516
1.62299
1.86796
1
1.20608
1.17544
1.22846
1.86796
1.8063
1
