	 1661.98 	 1.02453
	 274.105 	 1.0604
	 40.7919 	 1.15657
	 21.0154 	 1.34597
	 2.69911 	 1.60868
	 0.291105 	 1.99721
	 308.355 	 1.05695
	 158.991 	 1.07931
	 32.9385 	 1.17424
	 1.70226 	 1.66623
	 4.2344 	 1.48596
	 0.629662 	 1.99983
	 28.5124 	 1.18728
	 35.9344 	 1.16682
	 8.46453 	 1.34372
	 0.336001 	 1.99997
	 0.100522 	 4.15405
	 0 	 nan
	 4220.17 	 1.01539
	 752.22 	 1.03646
	 118.911 	 1.0917
	 57.1396 	 1.33913
	 8.63469 	 1.34031
	 2.38334 	 1.91625
	 969.054 	 1.03212
	 459.742 	 1.04664
	 109.969 	 1.09536
	 9.5294 	 1.45142
	 8.27172 	 1.3477
	 0.081161 	 1.99616
	 77.7856 	 1.11338
	 113.831 	 1.09373
	 39.7195 	 1.15867
	 0.544122 	 1.71516
	 3.15185 	 1.56327
	 0.118216 	 1.99396
	 3069.92 	 1.01805
	 595.214 	 1.04099
	 79.0569 	 1.11247
	 34.2705 	 1.34993
	 6.20767 	 1.40136
	 1.58667 	 1.64301
	 904.263 	 1.03325
	 455.409 	 1.04686
	 121.674 	 1.09066
	 12.2415 	 1.41039
	 7.57616 	 1.36331
	 1.87158 	 1.62381
	 79.4591 	 1.11218
	 122.895 	 1.09021
	 61.475 	 1.12754
	 0.648896 	 1.56933
	 3.82852 	 1.51108
	 0.424101 	 1.74378
	 668.85 	 1.03867
	 140.198 	 1.08446
	 21.2064 	 1.21715
	 5.12722 	 1.42639
	 2.37283 	 1.64918
	 0.318566 	 1.68944
	 284.307 	 1.05931
	 166.033 	 1.07761
	 47.041 	 1.1458
	 4.33342 	 1.60709
	 0.981183 	 2.00954
	 0.255978 	 1.62529
	 34.8982 	 1.16928
	 59.4132 	 1.12974
	 33.379 	 1.17309
	 0.0692974 	 1.65374
	 1.9321 	 1.71943
	 0.0434153 	 1.88042
	 563.047	 0.0120087
	 69.7127	 0.0328287
	 14.6004	 0.0632849
	 10.5964	 0.470851
	 1.17314	 0.211419
	 1.0857	 0.719097
	 146.197	 0.0227148
	 34.0545	 0.050501
	 8.27122	 0.0952402
	 2.69912	 0.555916
	 1.0143	 0.27841
	 0.455567	 0.589656
	 20.0382	 0.057662
	 7.08566	 0.113476
	 1.87237	 0.209458
	 0.349642	 0.555537
	 0.122751	 0.523913
	 0.082835	 0.700094
	 538.26	 0.015361
	 95.9454	 0.036373
	 15.219	 0.091191
	 7.33522	 0.336092
	 1.11563	 0.335487
	 0.309138	 0.898703
	 137.763	 0.0294319
	 62.9729	 0.0436052
	 15.7574	 0.0855035
	 1.51245	 0.401127
	 1.2356	 0.30017
	 0.0486725	 0.796336
	 15.5642	 0.0799492
	 16.4683	 0.083383
	 6.09569	 0.133671
	 0.212273	 0.558822
	 0.504607	 0.456691
	 0.0251234	 0.714685
	 392.116	 0.0179887
	 76.3934	 0.0406561
	 10.373	 0.10931
	 4.38402	 0.347996
	 0.800013	 0.39658
	 0.221183	 0.593239
	 115.407	 0.0331679
	 58.0728	 0.0467553
	 15.5272	 0.0903904
	 1.55936	 0.409817
	 0.964628	 0.362998
	 0.239035	 0.621322
	 10.6141	 0.107963
	 16.0335	 0.0881433
	 8.1363	 0.122976
	 0.130491	 0.514464
	 0.539523	 0.465262
	 0.0539554	 0.743676
	 85.3906	 0.0385537
	 18.0491	 0.0835381
	 2.88462	 0.20419
	 0.678154	 0.411858
	 0.315447	 0.623397
	 0.0405407	 0.689139
	 36.3104	 0.0591161
	 21.1599	 0.0774765
	 6.08184	 0.143639
	 0.553618	 0.604495
	 0.124867	 1.00914
	 0.0325725	 0.62508
	 4.4468	 0.169033
	 7.57967	 0.129389
	 4.25449	 0.172768
	 0.008815	 0.653743
	 0.245781	 0.719404
	 0.00552379	 0.880243
