
5629.65
2597.47
561.457
135.702
202.434
31.6931
11253.1
4575.02
943.789
266.506
290.485
49.6236
8929.33
3127.42
585.936
208.184
125.533
27.358
3562.76
1270.63
228.767
82.4497
41.9742
10.1911
227.612
215.552
76.9827
4.18719
11.0646
1.66073
773.845
692.014
239.999
12.3447
27.3098
2.93029
999.215
891.404
300.804
16.9778
31.5061
3.39773
547.375
508.581
171.216
9.26946
18.0844
2.69778
11.6609
23.5736
13.4303
0.430644
0.827266
0.0492611
43.6604
89.1384
57.288
1.21477
4.22655
0.609177
62.9644
135.824
90.0437
1.16387
5.92922
0.77442
40.98
93.6158
64.2609
0.474684
3.30174
0.214504
