18765.5
8658.24
1871.52
452.339
674.781
105.644
37510.3
15250.1
3145.96
888.355
968.283
165.412
29764.4
10424.7
1953.12
693.948
418.444
91.1934
11875.9
4235.42
762.556
274.832
139.914
33.9704
758.708
718.506
256.609
13.9573
36.8818
5.53576
2579.48
2306.71
799.996
41.1488
91.0325
9.76764
3330.72
2971.35
1002.68
56.5928
105.02
11.3258
1824.58
1695.27
570.719
30.8982
60.2813
8.99262
38.8697
78.5788
44.7676
1.43548
2.75755
0.164204
145.535
297.128
190.96
4.04923
14.0885
2.03059
209.881
452.748
300.146
3.87957
19.7641
2.5814
136.6
312.053
214.203
1.58228
11.0058
0.715013
