 SB-Njet1-Nb0-MHTHT1   1       2249    495.40   73.00  0.014       24.48  3.728    -      -    1.192  1.067    -      -      0.014  0.038     24.48  66.99
 SB-Njet1-Nb0-MHTHT2   2       1924    202.10   28.47  0.026       43.91    -    1.540    -    1.201  1.103    -      -      0.026  0.015     43.91  25.72
 SB-Njet1-Nb0-MHTHT3   3       1329     67.80    8.66  0.035       44.26    -      -    1.399  1.184  1.144    -      -      0.035  0.016     44.26  20.52
 SB-Njet1-Nb0-MHTHT4   4         27     19.80    3.27  0.002        0.02  1.745  1.392    -    1.170  1.051    -      -      0.002  0.002      0.02   0.02
 SB-Njet1-Nb0-MHTHT5   5         29      7.60    2.03  0.004        0.08    -      -    1.399  1.231  1.086    -      -      0.004  0.002      0.08   0.04
 SB-Njet1-Nb0-MHTHT6   6         10      5.60    2.08  0.019        0.10    -    1.013  1.390  1.224  1.093    -      -      0.019  0.009      0.10   0.08
 SB-Njet1-Nb1-MHTHT1   7        737    213.00   37.33  0.014        7.54  3.728    -      -    1.184  1.088    -      -      0.014  0.039      7.54  20.63
 SB-Njet1-Nb1-MHTHT2   8        691     97.80   13.92  0.027       15.97    -    1.540    -    1.206  1.117    -      -      0.027  0.016     15.97   9.44
 SB-Njet1-Nb1-MHTHT3   9        476     31.10    4.16  0.037       16.63    -      -    1.399  1.204  1.153    -      -      0.037  0.018     16.63   7.92
 SB-Njet1-Nb1-MHTHT4  10          4      6.50    1.98  0.002        0.00  1.000  1.540    -    1.000  1.000    -      -      0.002  0.001      0.00   0.00
 SB-Njet1-Nb1-MHTHT5  11         13      4.00    1.14  0.004        0.04    -      -    1.399  1.321  1.049    -      -      0.004  0.002      0.04   0.02
 SB-Njet1-Nb1-MHTHT6  12          1      3.20    1.27  0.035        0.01    -    1.000  1.399  1.000  1.460    -      -      0.035  0.021      0.01   0.05
 SB-Njet1-Nb2-MHTHT1  13        188     73.00   14.09  0.016        1.91  3.728    -      -    1.223  1.089    -      -      0.016  0.043      1.91   5.24
 SB-Njet1-Nb2-MHTHT2  14        167     38.30    5.48  0.031        4.01    -    1.540    -    1.200  1.150    -      -      0.031  0.018      4.01   2.42
 SB-Njet1-Nb2-MHTHT3  15         93     10.50    2.14  0.043        3.57    -      -    1.399  1.172  1.223    -      -      0.043  0.021      3.57   1.79
 SB-Njet1-Nb2-MHTHT4  16          1      1.50    0.88  0.002        0.00  1.000  1.540    -    1.000  1.000    -      -      0.002  0.001      0.00   0.00
 SB-Njet1-Nb2-MHTHT5  17          2      0.30    0.51  0.004        0.01    -      -    1.399  1.000  1.315    -      -      0.004  0.002      0.01   0.01
 SB-Njet1-Nb2-MHTHT6  18          1      0.40    0.76  0.027        0.03    -    1.000  1.399  1.443  1.000    -      -      0.027  0.016      0.03   0.04
 SB-Njet1-Nb3-MHTHT1  19         20      8.10    2.64  0.017        0.21  3.728    -      -    1.298  1.122    -      -      0.017  0.046      0.21   0.58
 SB-Njet1-Nb3-MHTHT2  20         13      5.10    1.54  0.034        0.29    -    1.540    -    1.179  1.219    -      -      0.034  0.021      0.29   0.21
 SB-Njet1-Nb3-MHTHT3  21          9      1.60    1.09  0.044        0.33    -      -    1.399  1.261  1.162    -      -      0.044  0.022      0.33   0.21
 SB-Njet1-Nb3-MHTHT4  22          1      0.00    0.70  0.002        0.00  3.728  1.000    -    1.443  1.000    -      -      0.002  0.006      0.00   0.01
 SB-Njet1-Nb3-MHTHT5  23          0      0.00    0.50  0.005        0.00    -      -    1.399  1.166  1.218    -      -      0.005  0.002      0.00   0.00
 SB-Njet1-Nb3-MHTHT6  24          0      0.00    0.70  0.021        0.00    -    1.228  1.231  1.166  1.218    -      -      0.021  0.009      0.00   0.01
 SB-Njet2-Nb0-MHTHT1  25         62     12.60    2.08  0.073        3.61  3.728    -      -      -      -    1.434    -      0.073  0.202      3.61   9.98
 SB-Njet2-Nb0-MHTHT2  26        128     18.80    2.95  0.120       13.10    -    1.540    -      -      -    1.434    -      0.120  0.083     13.10   9.16
 SB-Njet2-Nb0-MHTHT3  27        145     11.50    2.58  0.159       21.22    -      -    1.399    -      -    1.434    -      0.159  0.094     21.22  12.65
 SB-Njet2-Nb0-MHTHT4  28          1      1.00    0.83  0.013        0.00  1.000  1.540    -      -      -    1.434    -      0.013  0.009      0.00   0.01
 SB-Njet2-Nb0-MHTHT5  29          1      1.10    0.85  0.018        0.00    -      -    1.399    -      -    1.434    -      0.018  0.011      0.00   0.02
 SB-Njet2-Nb0-MHTHT6  30          4      0.70    0.64  0.091        0.33    -    1.000  1.399    -      -    1.434    -      0.091  0.053      0.33   0.26
 SB-Njet2-Nb1-MHTHT1  31         29     14.00    2.43  0.075        1.29  3.728    -      -      -      -    1.434    -      0.075  0.207      1.29   3.57
 SB-Njet2-Nb1-MHTHT2  32         56     26.00    4.46  0.114        3.42    -    1.540    -      -      -    1.434    -      0.114  0.079      3.42   2.50
 SB-Njet2-Nb1-MHTHT3  33         74     13.00    2.51  0.168       10.24    -      -    1.399    -      -    1.434    -      0.168  0.099     10.24   6.19
 SB-Njet2-Nb1-MHTHT4  34          0      0.50    0.57  0.010        0.00  1.984  1.345    -      -      -    1.434    -      0.010  0.012      0.00   0.01
 SB-Njet2-Nb1-MHTHT5  35          2      0.60    0.68  0.018        0.03    -      -    1.399    -      -    1.434    -      0.018  0.011      0.03   0.03
 SB-Njet2-Nb1-MHTHT6  36          0      0.40    0.50  0.078        0.00    -    1.228  1.231    -      -    1.434    -      0.078  0.042      0.00   0.04
 SB-Njet2-Nb2-MHTHT1  37         12      9.90    2.20  0.075        0.16  3.728    -      -      -      -    1.434    -      0.075  0.207      0.16   0.50
 SB-Njet2-Nb2-MHTHT2  38         25     10.60    1.99  0.118        1.69    -    1.540    -      -      -    1.434    -      0.118  0.082      1.69   1.28
 SB-Njet2-Nb2-MHTHT3  39         26      5.70    1.50  0.131        2.67    -      -    1.399    -      -    1.434    -      0.131  0.077      2.67   1.69
 SB-Njet2-Nb2-MHTHT4  40          0      0.50    0.50  0.010        0.00  1.984  1.345    -      -      -    1.434    -      0.010  0.012      0.00   0.01
 SB-Njet2-Nb2-MHTHT5  41          0      0.30    0.32  0.018        0.00    -      -    1.399    -      -    1.434    -      0.018  0.011      0.00   0.01
 SB-Njet2-Nb2-MHTHT6  42          0      0.00    0.40  0.078        0.00    -    1.228  1.231    -      -    1.434    -      0.078  0.042      0.00   0.03
 SB-Njet2-Nb3-MHTHT1  43          5      2.80    1.22  0.075        0.19  3.728    -      -      -      -    1.434    -      0.075  0.207      0.19   0.54
 SB-Njet2-Nb3-MHTHT2  44          3      2.20    0.70  0.040        0.06    -    1.540    -      -      -    1.434    -      0.040  0.028      0.06   0.07
 SB-Njet2-Nb3-MHTHT3  45          1      1.20    0.59  0.118        0.00    -      -    1.399    -      -    1.434    -      0.118  0.069      0.00   0.07
 SB-Njet2-Nb3-MHTHT4  46          0      0.00    0.40  0.010        0.00  1.984  1.345    -      -      -    1.434    -      0.010  0.012      0.00   0.00
 SB-Njet2-Nb3-MHTHT5  47          0      0.00    0.32  0.018        0.00    -      -    1.399    -      -    1.434    -      0.018  0.011      0.00   0.01
 SB-Njet2-Nb3-MHTHT6  48          0      0.00    0.40  0.078        0.00    -    1.228  1.231    -      -    1.434    -      0.078  0.042      0.00   0.03
 SB-Njet3-Nb0-MHTHT1  49          3      0.90    0.65  0.060        0.15  3.728    -      -      -      -      -    1.462    0.060  0.165      0.15   0.43
 SB-Njet3-Nb0-MHTHT2  50          7      2.00    0.77  0.106        0.61    -    1.540    -      -      -      -    1.462    0.106  0.075      0.61   0.51
 SB-Njet3-Nb0-MHTHT3  51         26      2.40    1.27  0.120        2.83    -      -    1.399    -      -      -    1.462    0.120  0.073      2.83   1.83
 SB-Njet3-Nb0-MHTHT4  52          0      2.00    1.46  0.008        0.00  1.984  1.345    -      -      -      -    1.462    0.008  0.009      0.00   0.01
 SB-Njet3-Nb0-MHTHT5  53          0      2.30    2.22  0.014        0.00    -      -    1.399    -      -      -    1.462    0.014  0.009      0.00   0.03
 SB-Njet3-Nb0-MHTHT6  54          0      2.00    1.46  0.063        0.00    -    1.228  1.231    -      -      -    1.462    0.063  0.035      0.00   0.09
 SB-Njet3-Nb1-MHTHT1  55          1      1.30    0.70  0.018        0.02  3.728    -      -      -      -      -    1.462    0.018  0.050      0.02   0.05
 SB-Njet3-Nb1-MHTHT2  56          8      1.80    0.73  0.106        0.72    -    1.540    -      -      -      -    1.462    0.106  0.075      0.72   0.59
 SB-Njet3-Nb1-MHTHT3  57         12      1.20    0.69  0.123        1.33    -      -    1.399    -      -      -    1.462    0.123  0.075      1.33   0.91
 SB-Njet3-Nb1-MHTHT4  58          0      0.70    0.72  0.008        0.00  1.984  1.345    -      -      -      -    1.462    0.008  0.009      0.00   0.01
 SB-Njet3-Nb1-MHTHT5  59          0      0.70    0.95  0.014        0.00    -      -    1.399    -      -      -    1.462    0.014  0.009      0.00   0.01
 SB-Njet3-Nb1-MHTHT6  60          0      0.70    0.72  0.063        0.00    -    1.228  1.231    -      -      -    1.462    0.063  0.035      0.00   0.05
 SB-Njet3-Nb2-MHTHT1  61          0      1.00    0.55  0.039        0.00  3.728    -      -      -      -      -    1.462    0.039  0.107      0.00   0.02
 SB-Njet3-Nb2-MHTHT2  62          6      1.10    0.59  0.093        0.46    -    1.540    -      -      -      -    1.462    0.093  0.066      0.46   0.39
 SB-Njet3-Nb2-MHTHT3  63          9      1.10    0.59  0.123        0.99    -      -    1.399    -      -      -    1.462    0.123  0.075      0.99   0.70
 SB-Njet3-Nb2-MHTHT4  64          0      0.20    0.45  0.008        0.00  1.984  1.345    -      -      -      -    1.462    0.008  0.009      0.00   0.00
 SB-Njet3-Nb2-MHTHT5  65          0      0.20    0.42  0.014        0.00    -      -    1.399    -      -      -    1.462    0.014  0.009      0.00   0.01
 SB-Njet3-Nb2-MHTHT6  66          0      0.20    0.45  0.063        0.00    -    1.228  1.231    -      -      -    1.462    0.063  0.035      0.00   0.03
 SB-Njet3-Nb3-MHTHT1  67          0      0.00    0.40  0.039        0.00  3.728    -      -      -      -      -    1.462    0.039  0.107      0.00   0.02
 SB-Njet3-Nb3-MHTHT2  68          2      0.60    0.51  0.106        0.18    -    1.540    -      -      -      -    1.462    0.106  0.075      0.18   0.20
 SB-Njet3-Nb3-MHTHT3  69          1      1.10    0.64  0.043        0.04    -      -    1.399    -      -      -    1.462    0.043  0.027      0.04   0.06
 SB-Njet3-Nb3-MHTHT4  70          0      0.10    0.41  0.008        0.00  1.984  1.345    -      -      -      -    1.462    0.008  0.009      0.00   0.00
 SB-Njet3-Nb3-MHTHT5  71          0      0.10    0.32  0.014        0.00    -      -    1.399    -      -      -    1.462    0.014  0.009      0.00   0.00
 SB-Njet3-Nb3-MHTHT6  72          0      0.10    0.41  0.063        0.00    -    1.228  1.231    -      -      -    1.462    0.063  0.035      0.00   0.03
