 binIndex : nMCGJ( nMCerr)|nMCEBt |nMCECt |Nobs |nEB| pEB(pEBerr) |nEC| pEC(pECerr) | trigW(trigWsysErr,trigWerr) | SF(SFerr) |ZgR(REr1) |f(fsysErr,+ferrUp-ferrDn) |purity(pErr)| DR(+DRup-DRlow)| Yield(+YstatUp-YstatLow,+YsysUp-YsysLow)
 1 : 32886.762( 0.067)|25262.384 |7624.379 |58419.0 |44276.0| 0.961(0.018) |14143.0| 0.923(0.048) | 1.0(0.02,0.014) | 0.974(0.067) |0.411(0.005) |0.969(0.3,+0.002-0.002) |0.952(0.025)| 1.0(+0.0-0.0)| 22748.207(+0.011-0.011,+0.309-0.309)
 2 : 2433.121( 0.067)|1874.732 |558.389 |3315.0 |2562.0| 0.961(0.018) |753.0| 0.923(0.048) | 1.0(0.02,0.014) | 0.974(0.067) |0.393(0.009) |0.973(0.3,+0.004-0.004) |0.953(0.025)| 1.0(+0.0-0.0)| 1239.19(+0.046-0.046,+0.309-0.309)
 3 : 174.757( 0.072)|139.468 |35.289 |197.0 |164.0| 0.961(0.018) |33.0| 0.923(0.048) | 1.0(0.02,0.012) | 0.974(0.067) |0.401(0.032) |0.979(0.3,+0.005-0.005) |0.955(0.023)| 1.0(+0.0-0.0)| 75.824(+0.185-0.185,+0.311-0.311)
 4 : 30059.629( 0.067)|24028.139 |6031.49 |49428.0 |39072.0| 0.966(0.016) |10356.0| 0.93(0.03) | 1.0(0.02,0.013) | 0.974(0.067) |0.408(0.004) |0.977(0.3,+0.002-0.002) |0.958(0.019)| 1.0(+0.0-0.0)| 19410.405(+0.011-0.011,+0.309-0.309)
 5 : 6657.939( 0.067)|5457.895 |1200.044 |9402.0 |7698.0| 0.966(0.016) |1704.0| 0.93(0.03) | 1.0(0.02,0.013) | 0.974(0.067) |0.402(0.005) |0.969(0.3,+0.002-0.002) |0.959(0.018)| 1.0(+0.0-0.0)| 3611.196(+0.027-0.027,+0.309-0.309)
 6 : 387.878( 0.069)|327.815 |60.063 |402.0 |351.0| 0.966(0.016) |51.0| 0.93(0.03) | 1.0(0.02,0.011) | 0.974(0.067) |0.414(0.021) |0.978(0.3,+0.003-0.003) |0.961(0.017)| 1.0(+0.0-0.0)| 160.725(+0.125-0.125,+0.309-0.309)
 7 : 2838.797( 0.067)|2535.934 |302.863 |3772.0 |3367.0| 0.982(0.008) |405.0| 0.915(0.052) | 1.0(0.02,0.011) | 0.974(0.067) |0.409(0.008) |0.985(0.3,+0.002-0.002) |0.975(0.013)| 1.0(+0.0-0.0)| 1520.351(+0.04-0.04,+0.309-0.309)
 8 : 120.975( 0.075)|109.829 |11.145 |142.0 |134.0| 0.982(0.008) |8.0| 0.915(0.052) | 1.0(0.02,0.01) | 0.974(0.067) |0.45(0.037) |0.984(0.3,+0.004-0.004) |0.978(0.01)| 1.0(+0.0-0.0)| 63.145(+0.189-0.189,+0.311-0.311)
 9 : 518.177( 0.069)|498.406 |19.772 |598.0 |566.0| 0.982(0.008) |32.0| 0.915(0.052) | 1.0(0.02,0.01) | 0.974(0.067) |0.43(0.018) |0.989(0.3,+0.002-0.002) |0.978(0.01)| 1.0(+0.0-0.0)| 255.571(+0.096-0.096,+0.309-0.309)
 10 : 22.012( 0.103)|21.363 |0.649 |27.0 |27.0| 0.982(0.008) |0.0| 0.915(0.052) | 1.0(0.02,0.008) | 0.974(0.067) |0.515(0.086) |0.991(0.3,+0.006-0.006) |0.982(0.008)| 1.0(+0.0-0.0)| 13.891(+0.393-0.393,+0.32-0.32)
 11 : 6159.592( 0.067)|4658.551 |1501.041 |9227.0 |6870.0| 0.961(0.018) |2357.0| 0.923(0.048) | 1.0(0.02,0.014) | 0.974(0.067) |0.415(0.01) |0.924(0.3,+0.008-0.008) |0.952(0.025)| 1.0(+0.0-0.0)| 3457.559(+0.028-0.028,+0.31-0.31)
 12 : 2182.492( 0.067)|1644.842 |537.65 |2687.0 |2065.0| 0.961(0.018) |622.0| 0.923(0.048) | 1.0(0.02,0.014) | 0.974(0.067) |0.405(0.01) |0.901(0.3,+0.01-0.01) |0.952(0.025)| 1.0(+0.0-0.0)| 958.222(+0.054-0.054,+0.31-0.31)
 13 : 187.281( 0.072)|148.24 |39.041 |190.0 |154.0| 0.961(0.018) |36.0| 0.923(0.048) | 1.0(0.02,0.013) | 0.974(0.067) |0.423(0.03) |0.945(0.3,+0.008-0.008) |0.954(0.023)| 1.0(+0.0-0.0)| 74.413(+0.185-0.185,+0.311-0.311)
 14 : 5250.791( 0.067)|4154.376 |1096.415 |7508.0 |5846.0| 0.966(0.016) |1662.0| 0.93(0.03) | 1.0(0.02,0.014) | 0.974(0.067) |0.419(0.009) |0.949(0.3,+0.006-0.006) |0.958(0.019)| 1.0(+0.0-0.0)| 2935.271(+0.03-0.03,+0.309-0.309)
 15 : 4903.106( 0.067)|3934.987 |968.119 |6026.0 |4863.0| 0.966(0.016) |1163.0| 0.93(0.03) | 1.0(0.02,0.013) | 0.974(0.067) |0.413(0.006) |0.928(0.3,+0.005-0.005) |0.959(0.018)| 1.0(+0.0-0.0)| 2273.49(+0.034-0.034,+0.309-0.309)
 16 : 430.444( 0.069)|359.267 |71.177 |426.0 |357.0| 0.966(0.016) |69.0| 0.93(0.03) | 1.0(0.02,0.012) | 0.974(0.067) |0.429(0.02) |0.932(0.3,+0.007-0.007) |0.96(0.018)| 1.0(+0.0-0.0)| 167.812(+0.123-0.123,+0.309-0.309)
 17 : 932.305( 0.068)|836.306 |95.998 |1048.0 |913.0| 0.982(0.008) |135.0| 0.915(0.052) | 1.0(0.02,0.011) | 0.974(0.067) |0.426(0.014) |0.966(0.3,+0.004-0.004) |0.973(0.014)| 1.0(+0.0-0.0)| 430.896(+0.075-0.075,+0.309-0.309)
 18 : 131.869( 0.074)|119.408 |12.46 |141.0 |125.0| 0.982(0.008) |16.0| 0.915(0.052) | 1.0(0.02,0.011) | 0.974(0.067) |0.466(0.036) |0.952(0.3,+0.008-0.008) |0.974(0.013)| 1.0(+0.0-0.0)| 62.573(+0.19-0.19,+0.311-0.311)
 19 : 198.997( 0.072)|192.297 |6.7 |198.0 |187.0| 0.982(0.008) |11.0| 0.915(0.052) | 1.0(0.02,0.01) | 0.974(0.067) |0.436(0.029) |0.969(0.3,+0.005-0.005) |0.978(0.01)| 1.0(+0.0-0.0)| 84.1(+0.167-0.167,+0.31-0.31)
 20 : 19.062( 0.108)|18.811 |0.252 |27.0 |27.0| 0.982(0.008) |0.0| 0.915(0.052) | 1.0(0.02,0.008) | 0.974(0.067) |0.572(0.091) |0.951(0.3,+0.019-0.019) |0.982(0.008)| 1.0(+0.0-0.0)| 14.807(+0.369-0.369,+0.322-0.322)
 21 : 337.444( 0.076)|255.84 |81.604 |476.0 |340.0| 0.961(0.018) |136.0| 0.923(0.048) | 1.0(0.02,0.015) | 0.974(0.067) |0.424(0.041) |0.907(0.3,+0.038-0.038) |0.95(0.026)| 1.0(+0.0-0.0)| 178.793(+0.122-0.122,+0.314-0.314)
 22 : 473.82( 0.07)|346.347 |127.473 |607.0 |437.0| 0.961(0.018) |170.0| 0.923(0.048) | 1.0(0.02,0.015) | 0.974(0.067) |0.431(0.022) |0.871(0.3,+0.025-0.025) |0.951(0.026)| 1.0(+0.0-0.0)| 222.452(+0.111-0.111,+0.311-0.311)
 23 : 65.831( 0.081)|50.943 |14.888 |74.0 |59.0| 0.961(0.018) |15.0| 0.923(0.048) | 1.0(0.02,0.013) | 0.974(0.067) |0.475(0.05) |0.888(0.3,+0.033-0.033) |0.954(0.024)| 1.0(+0.0-0.0)| 30.594(+0.281-0.281,+0.315-0.315)
 24 : 235.385( 0.079)|180.165 |55.221 |336.0 |237.0| 0.966(0.016) |99.0| 0.93(0.03) | 1.0(0.02,0.015) | 0.974(0.067) |0.443(0.045) |0.973(0.3,+0.016-0.016) |0.955(0.02)| 1.0(+0.0-0.0)| 142.042(+0.129-0.129,+0.313-0.313)
 25 : 858.577( 0.068)|679.297 |179.279 |1056.0 |830.0| 0.966(0.016) |226.0| 0.93(0.03) | 1.0(0.02,0.013) | 0.974(0.067) |0.442(0.016) |0.893(0.3,+0.014-0.014) |0.958(0.019)| 1.0(+0.0-0.0)| 410.19(+0.079-0.079,+0.31-0.31)
 26 : 152.687( 0.073)|122.113 |30.575 |181.0 |154.0| 0.966(0.016) |27.0| 0.93(0.03) | 1.0(0.02,0.012) | 0.974(0.067) |0.448(0.033) |0.888(0.3,+0.016-0.016) |0.96(0.018)| 1.0(+0.0-0.0)| 71.134(+0.189-0.189,+0.311-0.311)
 27 : 109.969( 0.076)|98.833 |11.136 |125.0 |108.0| 0.982(0.008) |17.0| 0.915(0.052) | 1.0(0.02,0.012) | 0.974(0.067) |0.446(0.039) |0.929(0.3,+0.022-0.022) |0.973(0.014)| 1.0(+0.0-0.0)| 51.736(+0.216-0.216,+0.312-0.312)
 28 : 49.358( 0.085)|44.083 |5.275 |42.0 |39.0| 0.982(0.008) |3.0| 0.915(0.052) | 1.0(0.02,0.01) | 0.974(0.067) |0.457(0.058) |0.872(0.3,+0.03-0.03) |0.977(0.011)| 1.0(+0.0-0.0)| 16.791(+0.386-0.386,+0.315-0.315)
 29 : 29.743( 0.095)|28.457 |1.285 |31.0 |28.0| 0.982(0.008) |3.0| 0.915(0.052) | 1.0(0.02,0.011) | 0.974(0.067) |0.434(0.076) |0.943(0.3,+0.019-0.019) |0.975(0.012)| 1.0(+0.0-0.0)| 12.723(+0.438-0.438,+0.318-0.318)
 30 : 7.7( 0.149)|7.7 |0.0 |8.0 |8.0| 0.982(0.008) |0.0| 0.915(0.052) | 1.0(0.02,0.008) | 0.974(0.067) |0.529(0.144) |0.852(0.3,+0.13-0.13) |0.982(0.008)| 1.0(+0.0-0.0)| 3.633(+0.904-0.904,+0.364-0.364)
 31 : 43.516( 0.095)|30.156 |13.36 |50.0 |40.0| 0.961(0.018) |10.0| 0.923(0.048) | 1.0(0.02,0.013) | 0.974(0.067) |0.431(0.022) |0.922(0.3,+0.047-0.047) |0.954(0.024)| 1.0(+0.0-0.0)| 19.456(+0.363-0.363,+0.314-0.314)
 32 : 13.32( 0.12)|9.579 |3.741 |17.0 |12.0| 0.961(0.018) |5.0| 0.923(0.048) | 1.0(0.02,0.015) | 0.974(0.067) |0.475(0.05) |0.762(0.3,+0.126-0.126) |0.95(0.026)| 1.0(+0.0-0.0)| 6.01(+0.686-0.686,+0.338-0.338)
 33 : 57.225( 0.085)|45.568 |11.657 |91.0 |64.0| 0.966(0.016) |27.0| 0.93(0.03) | 1.0(0.02,0.015) | 0.974(0.067) |0.442(0.016) |0.948(0.3,+0.025-0.025) |0.955(0.02)| 1.0(+0.0-0.0)| 37.44(+0.255-0.255,+0.31-0.31)
 34 : 25.488( 0.099)|20.32 |5.168 |37.0 |31.0| 0.966(0.016) |6.0| 0.93(0.03) | 1.0(0.02,0.012) | 0.974(0.067) |0.448(0.033) |0.862(0.3,+0.036-0.036) |0.96(0.018)| 1.0(+0.0-0.0)| 14.105(+0.431-0.431,+0.313-0.313)
 35 : 7.895( 0.157)|7.287 |0.607 |8.0 |7.0| 0.982(0.008) |1.0| 0.915(0.052) | 1.0(0.02,0.011) | 0.974(0.067) |0.446(0.039) |0.81(0.3,+0.176-0.176) |0.974(0.013)| 1.0(+0.0-0.0)| 2.888(+0.979-0.979,+0.357-0.357)
 36 : 7.983( 0.146)|6.493 |1.49 |3.0 |3.0| 0.982(0.008) |0.0| 0.915(0.052) | 1.0(0.02,0.008) | 0.974(0.067) |0.457(0.058) |0.772(0.3,+0.077-0.077) |0.982(0.008)| 1.0(+0.0-0.0)| 1.068(+2.253-2.253,+0.323-0.323)
 37 : 3.299( 0.212)|3.04 |0.259 |3.0 |3.0| 0.982(0.008) |0.0| 0.915(0.052) | 1.0(0.02,0.008) | 0.974(0.067) |0.434(0.076) |0.838(0.3,+0.124-0.124) |0.982(0.008)| 1.0(+0.0-0.0)| 1.102(+2.184-2.184,+0.341-0.341)
 38 : 0.643( 0.464)|0.643 |0.0 |0.0 |0.0| 0.982(0.008) |0.0| 0.915(0.052) | 1.0(0.02,0.0) | 0.974(0.067) |0.529(0.144) |0.898(0.3,+0.114-0.125) |1.0(0.0)| 1.0(+0.0-0.0)| 0.0(+1.249-1.249,+0.359-0.363)
 39 : 1.785( 0.283)|1.16 |0.625 |0.0 |0.0| 0.961(0.018) |0.0| 0.923(0.048) | 1.0(0.02,0.0) | 0.974(0.067) |0.431(0.022) |0.922(0.3,+0.047-0.047) |1.0(0.0)| 1.0(+0.0-0.0)| 0.0(+1.018-1.018,+0.312-0.312)
 40 : 0.836( 0.397)|0.474 |0.362 |0.0 |0.0| 0.961(0.018) |0.0| 0.923(0.048) | 1.0(0.02,0.0) | 0.974(0.067) |0.475(0.05) |0.762(0.3,+0.126-0.126) |1.0(0.0)| 1.0(+0.0-0.0)| 0.0(+1.122-1.122,+0.336-0.336)
 41 : 3.065( 0.242)|1.549 |1.516 |3.0 |2.0| 0.966(0.016) |1.0| 0.93(0.03) | 1.0(0.02,0.016) | 0.974(0.067) |0.442(0.016) |0.948(0.3,+0.025-0.025) |0.954(0.02)| 1.0(+0.0-0.0)| 1.233(+1.405-1.405,+0.31-0.31)
 42 : 2.678( 0.234)|1.668 |1.009 |3.0 |3.0| 0.966(0.016) |0.0| 0.93(0.03) | 1.0(0.02,0.008) | 0.974(0.067) |0.448(0.033) |0.862(0.3,+0.036-0.036) |0.966(0.016)| 1.0(+0.0-0.0)| 1.151(+2.091-2.091,+0.312-0.312)
 43 : 0.0( 1.671)|0.0 |0.0 |1.0 |1.0| 0.982(0.008) |0.0| 0.915(0.052) | 1.0(0.02,0.008) | 0.974(0.067) |0.446(0.039) |0.81(0.3,+0.176-0.176) |0.982(0.008)| 1.0(+0.0-0.0)| 0.364(+5.346-5.346,+0.357-0.357)
 44 : 1.031( 0.369)|0.902 |0.13 |2.0 |2.0| 0.982(0.008) |0.0| 0.915(0.052) | 1.0(0.02,0.008) | 0.974(0.067) |0.457(0.058) |0.772(0.3,+0.077-0.077) |0.982(0.008)| 1.0(+0.0-0.0)| 0.712(+3.074-3.074,+0.323-0.323)
 45 : 0.259( 0.729)|0.259 |0.0 |0.0 |0.0| 0.982(0.008) |0.0| 0.915(0.052) | 1.0(0.02,0.0) | 0.974(0.067) |0.434(0.076) |0.838(0.3,+0.124-0.124) |1.0(0.0)| 1.0(+0.0-0.0)| 0.0(+1.026-1.026,+0.34-0.34)
 46 : 0.25( 0.73)|0.25 |0.0 |0.0 |0.0| 0.982(0.008) |0.0| 0.915(0.052) | 1.0(0.02,0.0) | 0.974(0.067) |0.529(0.144) |0.898(0.3,+0.114-0.125) |1.0(0.0)| 1.0(+0.0-0.0)| 0.0(+1.249-1.249,+0.359-0.363)

binIndex
[1, 2, 3, 4, 5, 6, 7, 8, 9, 10, 11, 12, 13, 14, 15, 16, 17, 18, 19, 20, 21, 22, 23, 24, 25, 26, 27, 28, 29, 30, 31, 32, 33, 34, 35, 36, 37, 38, 39, 40, 41, 42, 43, 44, 45, 46]
------------------------------------------------------
nMCGJ
[32886.76239407027, 2433.121189930677, 174.75655416171873, 30059.628888333442, 6657.939450073123, 387.877881141311, 2838.797173390711, 120.97459682534803, 518.1774218088517, 22.0117578347238, 6159.5922056629815, 2182.491910554819, 187.2810410737013, 5250.7913218958, 4903.106118006671, 430.4437452637313, 932.3047295241128, 131.86861038508874, 198.99671248975432, 19.06239873265373, 337.44417731850837, 473.82048528401197, 65.8313924641343, 235.3853035033804, 858.5766198757257, 152.68741904266892, 109.96868282158131, 49.35768235187616, 29.7426018414996, 7.700023444370572, 43.51579575314917, 13.319662451530084, 57.224734085119145, 25.488020200314562, 7.8945350089780915, 7.982701049644894, 3.2994651686185614, 0.6431637532160034, 1.7846710892315418, 0.8359675026182352, 3.064763105586701, 2.6777867854713664, 0.0, 1.0313922313035015, 0.2594619345270849, 0.2503025785906221]
------------------------------------------------------
nMCerr
[0.06692867306429297, 0.0672469497848222, 0.07233456222808604, 0.0668999167623864, 0.06696361053875816, 0.06935180322427978, 0.0671690850281063, 0.07473992691286194, 0.06873176525531152, 0.10320123742749816, 0.06739351269891974, 0.06734458700087396, 0.07196437351191666, 0.06735451568500309, 0.06703369461963088, 0.0690997668169995, 0.06789785078515088, 0.07410827188990146, 0.07172617498680534, 0.10768893431146094, 0.07632694496467796, 0.06966086802986082, 0.08063715293247802, 0.07852070892285196, 0.0682919480324886, 0.07312771767791203, 0.07567554115111398, 0.08491538435353779, 0.09487612911480611, 0.14851396189487684, 0.09528755409614428, 0.12031317812533109, 0.08537508343869842, 0.09865189307878779, 0.15715843816539435, 0.14596881869784145, 0.21245021513891152, 0.46423119759730125, 0.2826273535482645, 0.39737294903202613, 0.24198693742711871, 0.23396952950634026, 1.6713350459533973, 0.3692934406919614, 0.729395673691886, 0.7298797697163]
------------------------------------------------------
nMCEBt
[25262.383806236863, 1874.7324011909834, 139.4676370990956, 24028.139318576945, 5457.895191567959, 327.81472632453927, 2535.9336824317656, 109.82911233457895, 498.4058998920684, 21.363102998406085, 4658.551136985745, 1644.8421514881336, 148.24041058114528, 4154.376128576686, 3934.9869954453957, 359.2667490335765, 836.3064974846046, 119.40825492209397, 192.29693105548566, 18.810568034055102, 255.84017809056755, 346.3471532301663, 50.94314909297536, 180.16466862744974, 679.2972580479627, 122.1127133810275, 98.83285664665105, 44.0827278191555, 28.457127383144893, 7.700023444370572, 30.15624493904666, 9.578915977466044, 45.567877253848756, 20.32047275610841, 7.2873134867054645, 6.492724542378528, 3.040003234091477, 0.6431637532160034, 1.1596449890560343, 0.47388853453293267, 1.5486138484936416, 1.6684644232308914, 0.0, 0.9016612640399592, 0.2594619345270849, 0.2503025785906221]
------------------------------------------------------
nMCECt
[7624.378587833405, 558.3887887396933, 35.28891706262313, 6031.489569756496, 1200.044258505164, 60.06315481677172, 302.86349095894565, 11.145484490769089, 19.7715219167833, 0.6486548363177121, 1501.041068677236, 537.6497590666853, 39.040630492556005, 1096.4151933191138, 968.1191225612755, 71.1769962301548, 95.99823203950817, 12.460355462994771, 6.699781434268674, 0.2518306985986253, 81.60399922794083, 127.47333205384565, 14.888243371158927, 55.22063487593066, 179.279361827763, 30.57470566164142, 11.135826174930262, 5.274954532720655, 1.2854744583547073, 0.0, 13.359550814102512, 3.740746474064039, 11.656856831270392, 5.167547444206153, 0.6072215222726275, 1.489976507266366, 0.2594619345270849, 0.0, 0.6250261001755075, 0.3620789680853025, 1.5161492570930593, 1.009322362240475, 0.0, 0.12973096726354244, 0.0, 0.0]
------------------------------------------------------
Nobs
[58419.0, 3315.0, 197.0, 49428.0, 9402.0, 402.0, 3772.0, 142.0, 598.0, 27.0, 9227.0, 2687.0, 190.0, 7508.0, 6026.0, 426.0, 1048.0, 141.0, 198.0, 27.0, 476.0, 607.0, 74.0, 336.0, 1056.0, 181.0, 125.0, 42.0, 31.0, 8.0, 50.0, 17.0, 91.0, 37.0, 8.0, 3.0, 3.0, 0.0, 0.0, 0.0, 3.0, 3.0, 1.0, 2.0, 0.0, 0.0]
------------------------------------------------------
nEB
[44276.0, 2562.0, 164.0, 39072.0, 7698.0, 351.0, 3367.0, 134.0, 566.0, 27.0, 6870.0, 2065.0, 154.0, 5846.0, 4863.0, 357.0, 913.0, 125.0, 187.0, 27.0, 340.0, 437.0, 59.0, 237.0, 830.0, 154.0, 108.0, 39.0, 28.0, 8.0, 40.0, 12.0, 64.0, 31.0, 7.0, 3.0, 3.0, 0.0, 0.0, 0.0, 2.0, 3.0, 1.0, 2.0, 0.0, 0.0]
------------------------------------------------------
pEB
[0.9612409354666666, 0.9612409354666666, 0.9612409354666666, 0.9657104593263334, 0.9657104593263334, 0.9657104593263334, 0.9819289765320001, 0.9819289765320001, 0.9819289765320001, 0.9819289765320001, 0.9612409354666666, 0.9612409354666666, 0.9612409354666666, 0.9657104593263334, 0.9657104593263334, 0.9657104593263334, 0.9819289765320001, 0.9819289765320001, 0.9819289765320001, 0.9819289765320001, 0.9612409354666666, 0.9612409354666666, 0.9612409354666666, 0.9657104593263334, 0.9657104593263334, 0.9657104593263334, 0.9819289765320001, 0.9819289765320001, 0.9819289765320001, 0.9819289765320001, 0.9612409354666666, 0.9612409354666666, 0.9657104593263334, 0.9657104593263334, 0.9819289765320001, 0.9819289765320001, 0.9819289765320001, 0.9819289765320001, 0.9612409354666666, 0.9612409354666666, 0.9657104593263334, 0.9657104593263334, 0.9819289765320001, 0.9819289765320001, 0.9819289765320001, 0.9819289765320001]
------------------------------------------------------
pEBerr
[0.017907750433013472, 0.017907750433013472, 0.017907750433013472, 0.015774517454531272, 0.015774517454531272, 0.015774517454531272, 0.008181634064180276, 0.008181634064180276, 0.008181634064180276, 0.008181634064180276, 0.017907750433013472, 0.017907750433013472, 0.017907750433013472, 0.015774517454531272, 0.015774517454531272, 0.015774517454531272, 0.008181634064180276, 0.008181634064180276, 0.008181634064180276, 0.008181634064180276, 0.017907750433013472, 0.017907750433013472, 0.017907750433013472, 0.015774517454531272, 0.015774517454531272, 0.015774517454531272, 0.008181634064180276, 0.008181634064180276, 0.008181634064180276, 0.008181634064180276, 0.017907750433013472, 0.017907750433013472, 0.015774517454531272, 0.015774517454531272, 0.008181634064180276, 0.008181634064180276, 0.008181634064180276, 0.008181634064180276, 0.017907750433013472, 0.017907750433013472, 0.015774517454531272, 0.015774517454531272, 0.008181634064180276, 0.008181634064180276, 0.008181634064180276, 0.008181634064180276]
------------------------------------------------------
nEC
[14143.0, 753.0, 33.0, 10356.0, 1704.0, 51.0, 405.0, 8.0, 32.0, 0.0, 2357.0, 622.0, 36.0, 1662.0, 1163.0, 69.0, 135.0, 16.0, 11.0, 0.0, 136.0, 170.0, 15.0, 99.0, 226.0, 27.0, 17.0, 3.0, 3.0, 0.0, 10.0, 5.0, 27.0, 6.0, 1.0, 0.0, 0.0, 0.0, 0.0, 0.0, 1.0, 0.0, 0.0, 0.0, 0.0, 0.0]
------------------------------------------------------
pEC
[0.9232578112983333, 0.9232578112983333, 0.9232578112983333, 0.9296478600020001, 0.9296478600020001, 0.9296478600020001, 0.9149493319753333, 0.9149493319753333, 0.9149493319753333, 0.9149493319753333, 0.9232578112983333, 0.9232578112983333, 0.9232578112983333, 0.9296478600020001, 0.9296478600020001, 0.9296478600020001, 0.9149493319753333, 0.9149493319753333, 0.9149493319753333, 0.9149493319753333, 0.9232578112983333, 0.9232578112983333, 0.9232578112983333, 0.9296478600020001, 0.9296478600020001, 0.9296478600020001, 0.9149493319753333, 0.9149493319753333, 0.9149493319753333, 0.9149493319753333, 0.9232578112983333, 0.9232578112983333, 0.9296478600020001, 0.9296478600020001, 0.9149493319753333, 0.9149493319753333, 0.9149493319753333, 0.9149493319753333, 0.9232578112983333, 0.9232578112983333, 0.9296478600020001, 0.9296478600020001, 0.9149493319753333, 0.9149493319753333, 0.9149493319753333, 0.9149493319753333]
------------------------------------------------------
pECerr
[0.04794225565492011, 0.04794225565492011, 0.04794225565492011, 0.029582583875297493, 0.029582583875297493, 0.029582583875297493, 0.05213560787606478, 0.05213560787606478, 0.05213560787606478, 0.05213560787606478, 0.04794225565492011, 0.04794225565492011, 0.04794225565492011, 0.029582583875297493, 0.029582583875297493, 0.029582583875297493, 0.05213560787606478, 0.05213560787606478, 0.05213560787606478, 0.05213560787606478, 0.04794225565492011, 0.04794225565492011, 0.04794225565492011, 0.029582583875297493, 0.029582583875297493, 0.029582583875297493, 0.05213560787606478, 0.05213560787606478, 0.05213560787606478, 0.05213560787606478, 0.04794225565492011, 0.04794225565492011, 0.029582583875297493, 0.029582583875297493, 0.05213560787606478, 0.05213560787606478, 0.05213560787606478, 0.05213560787606478, 0.04794225565492011, 0.04794225565492011, 0.029582583875297493, 0.029582583875297493, 0.05213560787606478, 0.05213560787606478, 0.05213560787606478, 0.05213560787606478]
------------------------------------------------------
trigW
[1.0, 1.0, 1.0, 1.0, 1.0, 1.0, 1.0, 1.0, 1.0, 1.0, 1.0, 1.0, 1.0, 1.0, 1.0, 1.0, 1.0, 1.0, 1.0, 1.0, 1.0, 1.0, 1.0, 1.0, 1.0, 1.0, 1.0, 1.0, 1.0, 1.0, 1.0, 1.0, 1.0, 1.0, 1.0, 1.0, 1.0, 1.0, 1.0, 1.0, 1.0, 1.0, 1.0, 1.0, 1.0, 1.0]
------------------------------------------------------
trigWsysErr
[0.02, 0.02, 0.02, 0.02, 0.02, 0.02, 0.02, 0.02, 0.02, 0.02, 0.02, 0.02, 0.02, 0.02, 0.02, 0.02, 0.02, 0.02, 0.02, 0.02, 0.02, 0.02, 0.02, 0.02, 0.02, 0.02, 0.02, 0.02, 0.02, 0.02, 0.02, 0.02, 0.02, 0.02, 0.02, 0.02, 0.02, 0.02, 0.02, 0.02, 0.02, 0.02, 0.02, 0.02, 0.02, 0.02]
------------------------------------------------------
trigWerr
[0.014135045623170544, 0.013784339402714932, 0.012385026091370557, 0.013370611813546977, 0.012707077428206764, 0.01143128485074627, 0.010973840845705197, 0.009776424929577466, 0.0097101081270903, 0.00845451, 0.014448291774141107, 0.013886070022329737, 0.012900318631578948, 0.013648589832179009, 0.012982989981745768, 0.012255015422535211, 0.011477065963740459, 0.011117090425531917, 0.009758065, 0.00845451, 0.015158507142857144, 0.015025973426688632, 0.013210724189189189, 0.015368007053571432, 0.013476159375000001, 0.01195466320441989, 0.011645612639999999, 0.010130509285714287, 0.01072521870967742, 0.00845451, 0.013147308, 0.015355683529411765, 0.015416353186813185, 0.01225948135135135, 0.01138750875, 0.00845451, 0.00845451, 0.0, 0.0, 0.0, 0.01627584, 0.00845451, 0.00845451, 0.00845451, 0.0, 0.0]
------------------------------------------------------
SF
[0.9735319735212031, 0.9735319735212031, 0.9735319735212031, 0.9735319735212031, 0.9735319735212031, 0.9735319735212031, 0.9735319735212031, 0.9735319735212031, 0.9735319735212031, 0.9735319735212031, 0.9735319735212031, 0.9735319735212031, 0.9735319735212031, 0.9735319735212031, 0.9735319735212031, 0.9735319735212031, 0.9735319735212031, 0.9735319735212031, 0.9735319735212031, 0.9735319735212031, 0.9735319735212031, 0.9735319735212031, 0.9735319735212031, 0.9735319735212031, 0.9735319735212031, 0.9735319735212031, 0.9735319735212031, 0.9735319735212031, 0.9735319735212031, 0.9735319735212031, 0.9735319735212031, 0.9735319735212031, 0.9735319735212031, 0.9735319735212031, 0.9735319735212031, 0.9735319735212031, 0.9735319735212031, 0.9735319735212031, 0.9735319735212031, 0.9735319735212031, 0.9735319735212031, 0.9735319735212031, 0.9735319735212031, 0.9735319735212031, 0.9735319735212031, 0.9735319735212031]
------------------------------------------------------
SFerr
[0.06678948893384838, 0.06678948893384838, 0.06678948893384838, 0.06678948893384838, 0.06678948893384838, 0.06678948893384838, 0.06678948893384838, 0.06678948893384838, 0.06678948893384838, 0.06678948893384838, 0.06678948893384838, 0.06678948893384838, 0.06678948893384838, 0.06678948893384838, 0.06678948893384838, 0.06678948893384838, 0.06678948893384838, 0.06678948893384838, 0.06678948893384838, 0.06678948893384838, 0.06678948893384838, 0.06678948893384838, 0.06678948893384838, 0.06678948893384838, 0.06678948893384838, 0.06678948893384838, 0.06678948893384838, 0.06678948893384838, 0.06678948893384838, 0.06678948893384838, 0.06678948893384838, 0.06678948893384838, 0.06678948893384838, 0.06678948893384838, 0.06678948893384838, 0.06678948893384838, 0.06678948893384838, 0.06678948893384838, 0.06678948893384838, 0.06678948893384838, 0.06678948893384838, 0.06678948893384838, 0.06678948893384838, 0.06678948893384838, 0.06678948893384838, 0.06678948893384838]
------------------------------------------------------
ZgR
[0.41074082918483373, 0.39256385585995046, 0.40072190304517785, 0.40844239390728965, 0.4024624459393286, 0.41426757008565174, 0.4086395994870522, 0.44979378386309676, 0.42982141948980673, 0.5147171633423038, 0.41473034486794064, 0.4047329165150478, 0.42306653213683704, 0.4186697706206944, 0.4126204955480239, 0.4285626544590675, 0.42570038204859034, 0.46573799390888176, 0.4362854835709468, 0.5719530263474915, 0.4240420746652002, 0.43086710141004225, 0.47511785325772143, 0.4428893482951543, 0.44227751577775043, 0.4484121956150399, 0.44572597377816764, 0.45692658284115856, 0.4344411032741376, 0.528782058569646, 0.43086710141004225, 0.47511785325772143, 0.44227751577775043, 0.4484121956150399, 0.44572597377816764, 0.45692658284115856, 0.4344411032741376, 0.528782058569646, 0.43086710141004225, 0.47511785325772143, 0.44227751577775043, 0.4484121956150399, 0.44572597377816764, 0.45692658284115856, 0.4344411032741376, 0.528782058569646]
------------------------------------------------------
REr1
[0.004805456761629282, 0.008727915900480906, 0.03155163339093925, 0.004211363399606861, 0.005344517469948119, 0.021073814562871444, 0.00792055390685351, 0.03743394728454204, 0.01821527340744519, 0.08579004537009903, 0.00992455527960922, 0.009571505478153497, 0.030216672067858195, 0.009466995312575863, 0.006319476679260919, 0.0199058249090994, 0.013575967240148826, 0.03568362601284305, 0.029323588506686763, 0.09110713672457614, 0.04054795201494186, 0.021781341475283274, 0.050207310567754, 0.0446001732388899, 0.015638739298817306, 0.03323092608186877, 0.03941594233221787, 0.05836900781370093, 0.07571574437246048, 0.14438764524885997, 0.021781341475283274, 0.050207310567754, 0.015638739298817306, 0.03323092608186877, 0.03941594233221787, 0.05836900781370093, 0.07571574437246048, 0.14438764524885997, 0.021781341475283274, 0.050207310567754, 0.015638739298817306, 0.03323092608186877, 0.03941594233221787, 0.05836900781370093, 0.07571574437246048, 0.14438764524885997]
------------------------------------------------------
f
[0.969432907698, 0.973145158757, 0.979263771362, 0.976889210827, 0.968630268912, 0.977559820541, 0.985131528509, 0.983965826053, 0.989420643321, 0.990962172524, 0.924415581298, 0.900613686123, 0.944646618266, 0.949206308714, 0.928448449434, 0.932263077866, 0.966073435266, 0.95206802902, 0.968901223366, 0.950653869399, 0.907367595812, 0.871073319118, 0.888424582686, 0.972950074516, 0.892513261282, 0.888482999934, 0.929254115212, 0.871710694575, 0.942829884842, 0.851514476336, 0.921928773995, 0.762406001333, 0.948291436198, 0.86223639719, 0.809934607131, 0.772346396222, 0.837954268482, 0.897608048896, 0.921928773995, 0.762406001333, 0.948291436198, 0.86223639719, 0.809934607131, 0.772346396222, 0.837954268482, 0.897608048896]
------------------------------------------------------
fsysErr
[0.3, 0.3, 0.3, 0.3, 0.3, 0.3, 0.3, 0.3, 0.3, 0.3, 0.3, 0.3, 0.3, 0.3, 0.3, 0.3, 0.3, 0.3, 0.3, 0.3, 0.3, 0.3, 0.3, 0.3, 0.3, 0.3, 0.3, 0.3, 0.3, 0.3, 0.3, 0.3, 0.3, 0.3, 0.3, 0.3, 0.3, 0.3, 0.3, 0.3, 0.3, 0.3, 0.3, 0.3, 0.3, 0.3]
------------------------------------------------------
ferrUp
[0.002250200779804311, 0.003972962859578311, 0.0049004880203068635, 0.00167757407817274, 0.002384757431114161, 0.003165890683484979, 0.0020279042173623305, 0.004365766789860662, 0.0015852519632553635, 0.005836579925849714, 0.007787383961985988, 0.009812669869390639, 0.008344398899282767, 0.006063123069459132, 0.004721424548926035, 0.0072158929819024, 0.004291138046921409, 0.007853669233296907, 0.004964086894906463, 0.01885866658054425, 0.038399414046210986, 0.02546383174134997, 0.032584517665053776, 0.01571095890845592, 0.013587914068503917, 0.016126979345428533, 0.02199867618766077, 0.029982614856116467, 0.018523126276620575, 0.13040434315902827, 0.04748179544294971, 0.12551371208357517, 0.02476476642851025, 0.03636481466368751, 0.17565094320631955, 0.07720069804942994, 0.1237737145726204, 0.1140720064062878, 0.04748179544294971, 0.12551371208357517, 0.02476476642851025, 0.03636481466368751, 0.17565094320631955, 0.07720069804942994, 0.1237737145726204, 0.1140720064062878]
------------------------------------------------------
ferrDn
[0.002250200779804311, 0.003972962859578311, 0.0049004880203068635, 0.00167757407817274, 0.002384757431114161, 0.003165890683484979, 0.0020279042173623305, 0.004365766789860662, 0.0015852519632553635, 0.005836579925849714, 0.007787383961985988, 0.009812669869390639, 0.008344398899282767, 0.006063123069459132, 0.004721424548926035, 0.0072158929819024, 0.004291138046921409, 0.007853669233296907, 0.004964086894906463, 0.01885866658054425, 0.038399414046210986, 0.02546383174134997, 0.032584517665053776, 0.01571095890845592, 0.013587914068503917, 0.016126979345428533, 0.02199867618766077, 0.029982614856116467, 0.018523126276620575, 0.13040434315902827, 0.04748179544294971, 0.12551371208357517, 0.02476476642851025, 0.03636481466368751, 0.17565094320631955, 0.07720069804942994, 0.1237737145726204, 0.1254040169854159, 0.04748179544294971, 0.12551371208357517, 0.02476476642851025, 0.03636481466368751, 0.17565094320631955, 0.07720069804942994, 0.1237737145726204, 0.1254040169854159]
------------------------------------------------------
purity
[0.9520453770847577, 0.9526130945922306, 0.9548782801491286, 0.9581547362826577, 0.9591745447072455, 0.9611353534419032, 0.9747373657034077, 0.978155475430216, 0.9783447815055563, 0.9819289765320001, 0.9515382993265602, 0.9524484147250576, 0.9540441329926665, 0.9577275024700411, 0.958750485377744, 0.9598693340836597, 0.9733008734641089, 0.9743284494901089, 0.9782078851677408, 0.9819289765320001, 0.9503886142757142, 0.9506031576929983, 0.953541653540653, 0.9550848720254137, 0.957992516667906, 0.96033095555972, 0.9728197448722934, 0.9771447162065238, 0.9754470754458711, 0.9819289765320001, 0.9536443106329999, 0.9500694283583333, 0.9550105672191136, 0.9598624702467118, 0.9735565209624167, 0.9819289765320001, 0.9819289765320001, 1.0, 1.0, 1.0, 0.953689592884889, 0.9657104593263334, 0.9819289765320001, 0.9819289765320001, 1.0, 1.0]
------------------------------------------------------
pErr
[0.024959116265208102, 0.02451983453766793, 0.022772306031702994, 0.018581467569351123, 0.018200027291675285, 0.017468897827830673, 0.012611503375093324, 0.010497902781355798, 0.01038127630462894, 0.008181634064180276, 0.02535192007074285, 0.024647204653732536, 0.02341486241222907, 0.018741507832568935, 0.01835854019871413, 0.017940618519859557, 0.013504194019622124, 0.01286535138273098, 0.010465610006684842, 0.008181634064180276, 0.02624406709881337, 0.026077419230277527, 0.02380247263218483, 0.01973460960902561, 0.018642217648517735, 0.01776847360036774, 0.013803774907516988, 0.011121369624462954, 0.012171433268531977, 0.008181634064180276, 0.02372325024681718, 0.02649213593001405, 0.019762612831648367, 0.017943179387188524, 0.013345132293472797, 0.008181634064180276, 0.008181634064180276, 0.0, 0.0, 0.0, 0.020261176249524254, 0.015774517454531272, 0.008181634064180276, 0.008181634064180276, 0.0, 0.0]
------------------------------------------------------
DR
[1.0, 1.0, 1.0, 1.0, 1.0, 1.0, 1.0, 1.0, 1.0, 1.0, 1.0, 1.0, 1.0, 1.0, 1.0, 1.0, 1.0, 1.0, 1.0, 1.0, 1.0, 1.0, 1.0, 1.0, 1.0, 1.0, 1.0, 1.0, 1.0, 1.0, 1.0, 1.0, 1.0, 1.0, 1.0, 1.0, 1.0, 1.0, 1.0, 1.0, 1.0, 1.0, 1.0, 1.0, 1.0, 1.0]
------------------------------------------------------
DRup
[0.0, 0.0, 0.0, 0.0, 0.0, 0.0, 0.0, 0.0, 0.0, 0.0, 0.0, 0.0, 0.0, 0.0, 0.0, 0.0, 0.0, 0.0, 0.0, 0.0, 0.0, 0.0, 0.0, 0.0, 0.0, 0.0, 0.0, 0.0, 0.0, 0.0, 0.0, 0.0, 0.0, 0.0, 0.0, 0.0, 0.0, 0.0, 0.0, 0.0, 0.0, 0.0, 0.0, 0.0, 0.0, 0.0]
------------------------------------------------------
DRlow
[0.0, 0.0, 0.0, 0.0, 0.0, 0.0, 0.0, 0.0, 0.0, 0.0, 0.0, 0.0, 0.0, 0.0, 0.0, 0.0, 0.0, 0.0, 0.0, 0.0, 0.0, 0.0, 0.0, 0.0, 0.0, 0.0, 0.0, 0.0, 0.0, 0.0, 0.0, 0.0, 0.0, 0.0, 0.0, 0.0, 0.0, 0.0, 0.0, 0.0, 0.0, 0.0, 0.0, 0.0, 0.0, 0.0]
------------------------------------------------------
Yield
[22748.20749558199, 1239.1897069585525, 75.82401729776365, 19410.404917524203, 3611.1960813279265, 160.7254556660709, 1520.3505926525147, 63.145074453845325, 255.57120381803122, 13.890546978469876, 3457.559354869963, 958.2216502018531, 74.41318464448335, 2935.2711354066923, 2273.4902507322104, 167.81249882741835, 430.89589464390986, 62.57256045738097, 84.10007774996224, 14.807317998886356, 178.79286111465996, 222.45172137128327, 30.59448071247832, 142.0420119046297, 410.19027015603757, 71.13376925653789, 51.736209392295244, 16.79100759002311, 12.72270428896444, 3.6331940185033655, 19.455702277611618, 6.009546521247753, 37.44001723442789, 14.10471396412774, 2.888143953897506, 1.0678485462673228, 1.101545236689391, 0.0, 0.0, 0.0, 1.2325790128629706, 1.1505930267897548, 0.364122700591148, 0.7118990308448819, 0.0, 0.0]
------------------------------------------------------
YstatUp
[0.01062502298704873, 0.04646264922846465, 0.18510848340440236, 0.011453861406212452, 0.026850912724895058, 0.12474649751449396, 0.04039634701887046, 0.18871424874988516, 0.09568385700717065, 0.39292339301065915, 0.02778181506734509, 0.05409633639550748, 0.1852366461393224, 0.02951983380497229, 0.034144555823496674, 0.12299302843810599, 0.07512911706719794, 0.18976915760264748, 0.16731550856951027, 0.3685961799405421, 0.12202626040689568, 0.11075378440605012, 0.2811724555120188, 0.1290484592131147, 0.0792221463619364, 0.18913132521565615, 0.21610280341033197, 0.3859649674781036, 0.437624284615296, 0.904065701674606, 0.3634444910273123, 0.6860926379452649, 0.25479133608404236, 0.4312574183190384, 0.9793234582124174, 2.2531409612876407, 2.184216516860853, 1.2488439671438254, 1.0175946243187572, 1.1221032467104417, 1.4052249709702256, 2.091107145642393, 5.345752115173191, 3.073968993023189, 1.0260354755053684, 1.2488439671438254]
------------------------------------------------------
YstatLow
[0.01062502298704873, 0.04646264922846465, 0.18510848340440236, 0.011453861406212452, 0.026850912724895058, 0.12474649751449396, 0.04039634701887046, 0.18871424874988516, 0.09568385700717065, 0.39292339301065915, 0.02778181506734509, 0.05409633639550748, 0.1852366461393224, 0.02951983380497229, 0.034144555823496674, 0.12299302843810599, 0.07512911706719794, 0.18976915760264748, 0.16731550856951027, 0.3685961799405421, 0.12202626040689568, 0.11075378440605012, 0.2811724555120188, 0.1290484592131147, 0.0792221463619364, 0.18913132521565615, 0.21610280341033197, 0.3859649674781036, 0.437624284615296, 0.904065701674606, 0.3634444910273123, 0.6860926379452649, 0.25479133608404236, 0.4312574183190384, 0.9793234582124174, 2.2531409612876407, 2.184216516860853, 1.2488439671438254, 1.0175946243187572, 1.1221032467104417, 1.4052249709702256, 2.091107145642393, 5.345752115173191, 3.073968993023189, 1.0260354755053684, 1.2488439671438254]
------------------------------------------------------
YsysUp
[0.30937315437799584, 0.3094253174522375, 0.310728696740104, 0.3088776940243749, 0.308849150196695, 0.3094362632607122, 0.3085565727740015, 0.31062353518080443, 0.30886437499118036, 0.31998945491559466, 0.30963114986218376, 0.30959497036779626, 0.31073813106612996, 0.30907078382450465, 0.30891529177819843, 0.30948537607577575, 0.30883271019039354, 0.31062025704004836, 0.30975813090056337, 0.32195560777021986, 0.31448055367610583, 0.3112707520256128, 0.31493561499926376, 0.31260594359676863, 0.3095467275840421, 0.3109402553056282, 0.31180852873430076, 0.31526662712618764, 0.31811945883450893, 0.36448914733170473, 0.3135688566757127, 0.3377468461292865, 0.3103980097659679, 0.31266560827080514, 0.35717709067451775, 0.3230574911061807, 0.34066414556322944, 0.3587771600563663, 0.3123936356057749, 0.33635591534487713, 0.3104740212737284, 0.3124225410659273, 0.3569399446217127, 0.3230574911061807, 0.34046092609435363, 0.3587771600563663]
------------------------------------------------------
YsysLow
[0.30937315437799584, 0.3094253174522375, 0.310728696740104, 0.3088776940243749, 0.308849150196695, 0.3094362632607122, 0.3085565727740015, 0.31062353518080443, 0.30886437499118036, 0.31998945491559466, 0.30963114986218376, 0.30959497036779626, 0.31073813106612996, 0.30907078382450465, 0.30891529177819843, 0.30948537607577575, 0.30883271019039354, 0.31062025704004836, 0.30975813090056337, 0.32195560777021986, 0.31448055367610583, 0.3112707520256128, 0.31493561499926376, 0.31260594359676863, 0.3095467275840421, 0.3109402553056282, 0.31180852873430076, 0.31526662712618764, 0.31811945883450893, 0.36448914733170473, 0.3135688566757127, 0.3377468461292865, 0.3103980097659679, 0.31266560827080514, 0.35717709067451775, 0.3230574911061807, 0.34066414556322944, 0.36253937083940796, 0.3123936356057749, 0.33635591534487713, 0.3104740212737284, 0.3124225410659273, 0.3569399446217127, 0.3230574911061807, 0.34046092609435363, 0.36253937083940796]
------------------------------------------------------