 binIndex : nMCGJ( nMCerr)|nMCEBt |nMCECt |Nobs |nEB| pEB(pEBerr) |nEC| pEC(pECerr) | trigW(trigWsysErr,trigWerr) | SF(SFerr) |ZgR(REr1) |f(fsysErr,+ferrUp-ferrDn) |purity(pErr)| DR(+DRup-DRlow)| Yield(+YstatUp-YstatLow,+YsysUp-YsysLow)
 1 : 54562.629( 0.067)|43368.491 |11194.138 |63108.0 |48930.0| 0.936(0.016) |14178.0| 0.96(0.017) | 1.0(0.02,0.007) | 0.974(0.067) |0.416(0.005) |0.969(0.3,+0.002-0.002) |0.941(0.017)| 1.0(+0.0-0.0)| 24618.82(+0.01-0.01,+0.309-0.309)
 2 : 4155.48( 0.067)|3323.743 |831.737 |3492.0 |2766.0| 0.936(0.016) |726.0| 0.96(0.017) | 1.0(0.02,0.007) | 0.974(0.067) |0.408(0.01) |0.973(0.3,+0.004-0.004) |0.941(0.017)| 1.0(+0.0-0.0)| 1338.693(+0.044-0.044,+0.309-0.309)
 3 : 303.92( 0.074)|250.973 |52.947 |192.0 |161.0| 0.936(0.016) |31.0| 0.96(0.017) | 1.0(0.02,0.007) | 0.974(0.067) |0.466(0.037) |0.979(0.3,+0.005-0.005) |0.94(0.017)| 1.0(+0.0-0.0)| 84.502(+0.164-0.164,+0.311-0.311)
 4 : 50482.98( 0.067)|41821.505 |8661.476 |54361.0 |44005.0| 0.953(0.011) |10356.0| 0.948(0.017) | 1.0(0.02,0.007) | 0.974(0.067) |0.428(0.004) |0.977(0.3,+0.002-0.002) |0.952(0.012)| 1.0(+0.0-0.0)| 22232.252(+0.01-0.01,+0.308-0.308)
 5 : 11551.075( 0.067)|9755.699 |1795.376 |10474.0 |8794.0| 0.953(0.011) |1680.0| 0.948(0.017) | 1.0(0.02,0.007) | 0.974(0.067) |0.42(0.006) |0.969(0.3,+0.002-0.002) |0.952(0.012)| 1.0(+0.0-0.0)| 4171.308(+0.025-0.025,+0.308-0.308)
 6 : 698.738( 0.07)|607.678 |91.059 |474.0 |414.0| 0.953(0.011) |60.0| 0.948(0.017) | 1.0(0.02,0.007) | 0.974(0.067) |0.42(0.024) |0.978(0.3,+0.003-0.003) |0.952(0.012)| 1.0(+0.0-0.0)| 190.517(+0.114-0.114,+0.309-0.309)
 7 : 4875.229( 0.067)|4469.846 |405.383 |4393.0 |3947.0| 0.97(0.007) |446.0| 0.892(0.036) | 1.0(0.02,0.006) | 0.974(0.067) |0.429(0.009) |0.985(0.3,+0.002-0.002) |0.962(0.009)| 1.0(+0.0-0.0)| 1832.996(+0.036-0.036,+0.308-0.308)
 8 : 209.605( 0.077)|196.474 |13.131 |152.0 |134.0| 0.97(0.007) |18.0| 0.892(0.036) | 1.0(0.02,0.007) | 0.974(0.067) |0.406(0.044) |0.984(0.3,+0.004-0.004) |0.961(0.01)| 1.0(+0.0-0.0)| 59.875(+0.206-0.206,+0.311-0.311)
 9 : 837.86( 0.07)|810.391 |27.469 |695.0 |673.0| 0.97(0.007) |22.0| 0.892(0.036) | 1.0(0.02,0.006) | 0.974(0.067) |0.535(0.021) |0.989(0.3,+0.002-0.002) |0.967(0.008)| 1.0(+0.0-0.0)| 365.646(+0.072-0.072,+0.309-0.309)
 10 : 31.948( 0.122)|31.662 |0.286 |23.0 |23.0| 0.97(0.007) |0.0| 0.892(0.036) | 1.0(0.02,0.006) | 0.974(0.067) |0.602(0.11) |0.991(0.3,+0.006-0.006) |0.97(0.007)| 1.0(+0.0-0.0)| 13.673(+0.371-0.371,+0.327-0.327)
 11 : 8930.398( 0.067)|7050.779 |1879.619 |10608.0 |8179.0| 0.936(0.016) |2429.0| 0.96(0.017) | 1.0(0.02,0.007) | 0.974(0.067) |0.426(0.01) |0.924(0.3,+0.008-0.008) |0.942(0.017)| 1.0(+0.0-0.0)| 4036.238(+0.026-0.026,+0.309-0.309)
 12 : 3127.048( 0.068)|2429.477 |697.572 |2961.0 |2255.0| 0.936(0.016) |706.0| 0.96(0.017) | 1.0(0.02,0.007) | 0.974(0.067) |0.396(0.011) |0.901(0.3,+0.01-0.01) |0.942(0.017)| 1.0(+0.0-0.0)| 1022.076(+0.053-0.053,+0.309-0.309)
 13 : 287.27( 0.074)|234.021 |53.249 |206.0 |163.0| 0.936(0.016) |43.0| 0.96(0.017) | 1.0(0.02,0.007) | 0.974(0.067) |0.432(0.038) |0.945(0.3,+0.008-0.008) |0.941(0.017)| 1.0(+0.0-0.0)| 81.287(+0.177-0.177,+0.311-0.311)
 14 : 7649.155( 0.067)|6278.367 |1370.788 |8267.0 |6564.0| 0.953(0.011) |1703.0| 0.948(0.017) | 1.0(0.02,0.007) | 0.974(0.067) |0.418(0.01) |0.949(0.3,+0.006-0.006) |0.952(0.012)| 1.0(+0.0-0.0)| 3207.279(+0.028-0.028,+0.309-0.309)
 15 : 7130.61( 0.067)|5909.48 |1221.13 |6885.0 |5586.0| 0.953(0.011) |1299.0| 0.948(0.017) | 1.0(0.02,0.007) | 0.974(0.067) |0.407(0.007) |0.928(0.3,+0.005-0.005) |0.952(0.012)| 1.0(+0.0-0.0)| 2543.776(+0.033-0.033,+0.308-0.308)
 16 : 648.674( 0.07)|555.697 |92.977 |544.0 |466.0| 0.953(0.011) |78.0| 0.948(0.017) | 1.0(0.02,0.007) | 0.974(0.067) |0.411(0.025) |0.932(0.3,+0.007-0.007) |0.952(0.012)| 1.0(+0.0-0.0)| 203.823(+0.114-0.114,+0.309-0.309)
 17 : 1395.011( 0.068)|1275.793 |119.218 |1249.0 |1110.0| 0.97(0.007) |139.0| 0.892(0.036) | 1.0(0.02,0.006) | 0.974(0.067) |0.389(0.016) |0.966(0.3,+0.004-0.004) |0.961(0.01)| 1.0(+0.0-0.0)| 463.346(+0.076-0.076,+0.309-0.309)
 18 : 209.742( 0.077)|192.329 |17.413 |149.0 |134.0| 0.97(0.007) |15.0| 0.892(0.036) | 1.0(0.02,0.006) | 0.974(0.067) |0.375(0.044) |0.952(0.3,+0.008-0.008) |0.962(0.009)| 1.0(+0.0-0.0)| 52.531(+0.232-0.232,+0.311-0.311)
 19 : 275.207( 0.075)|266.909 |8.298 |259.0 |251.0| 0.97(0.007) |8.0| 0.892(0.036) | 1.0(0.02,0.006) | 0.974(0.067) |0.482(0.037) |0.969(0.3,+0.005-0.005) |0.967(0.008)| 1.0(+0.0-0.0)| 120.148(+0.134-0.134,+0.31-0.31)
 20 : 34.878( 0.116)|33.733 |1.145 |29.0 |29.0| 0.97(0.007) |0.0| 0.892(0.036) | 1.0(0.02,0.006) | 0.974(0.067) |0.434(0.107) |0.951(0.3,+0.019-0.019) |0.97(0.007)| 1.0(+0.0-0.0)| 11.928(+0.473-0.473,+0.327-0.327)
 21 : 447.562( 0.078)|346.759 |100.803 |546.0 |399.0| 0.936(0.016) |147.0| 0.96(0.017) | 1.0(0.02,0.008) | 0.974(0.067) |0.462(0.046) |0.907(0.3,+0.038-0.038) |0.943(0.017)| 1.0(+0.0-0.0)| 221.668(+0.105-0.105,+0.314-0.314)
 22 : 581.758( 0.071)|441.783 |139.974 |667.0 |492.0| 0.936(0.016) |175.0| 0.96(0.017) | 1.0(0.02,0.007) | 0.974(0.067) |0.403(0.028) |0.871(0.3,+0.025-0.025) |0.942(0.017)| 1.0(+0.0-0.0)| 226.842(+0.114-0.114,+0.311-0.311)
 23 : 85.196( 0.09)|68.701 |16.495 |75.0 |60.0| 0.936(0.016) |15.0| 0.96(0.017) | 1.0(0.02,0.007) | 0.974(0.067) |0.443(0.069) |0.888(0.3,+0.033-0.033) |0.941(0.017)| 1.0(+0.0-0.0)| 28.529(+0.304-0.304,+0.318-0.318)
 24 : 331.844( 0.081)|257.349 |74.495 |420.0 |340.0| 0.953(0.011) |80.0| 0.948(0.017) | 1.0(0.02,0.007) | 0.974(0.067) |0.441(0.05) |0.973(0.3,+0.016-0.016) |0.952(0.012)| 1.0(+0.0-0.0)| 176.148(+0.116-0.116,+0.313-0.313)
 25 : 1099.296( 0.069)|897.019 |202.277 |1188.0 |953.0| 0.953(0.011) |235.0| 0.948(0.017) | 1.0(0.02,0.007) | 0.974(0.067) |0.397(0.02) |0.893(0.3,+0.014-0.014) |0.952(0.012)| 1.0(+0.0-0.0)| 411.468(+0.084-0.084,+0.309-0.309)
 26 : 202.849( 0.077)|167.74 |35.11 |216.0 |178.0| 0.953(0.011) |38.0| 0.948(0.017) | 1.0(0.02,0.007) | 0.974(0.067) |0.397(0.045) |0.888(0.3,+0.016-0.016) |0.952(0.012)| 1.0(+0.0-0.0)| 74.471(+0.197-0.197,+0.312-0.312)
 27 : 142.132( 0.082)|131.27 |10.861 |170.0 |151.0| 0.97(0.007) |19.0| 0.892(0.036) | 1.0(0.02,0.006) | 0.974(0.067) |0.363(0.051) |0.929(0.3,+0.022-0.022) |0.961(0.01)| 1.0(+0.0-0.0)| 56.664(+0.23-0.23,+0.313-0.313)
 28 : 61.321( 0.098)|55.034 |6.286 |65.0 |57.0| 0.97(0.007) |8.0| 0.892(0.036) | 1.0(0.02,0.007) | 0.974(0.067) |0.358(0.081) |0.872(0.3,+0.03-0.03) |0.96(0.01)| 1.0(+0.0-0.0)| 19.991(+0.403-0.403,+0.32-0.32)
 29 : 36.062( 0.114)|34.917 |1.145 |36.0 |36.0| 0.97(0.007) |0.0| 0.892(0.036) | 1.0(0.02,0.006) | 0.974(0.067) |0.399(0.103) |0.943(0.3,+0.019-0.019) |0.97(0.007)| 1.0(+0.0-0.0)| 13.507(+0.461-0.461,+0.326-0.326)
 30 : 9.755( 0.201)|9.469 |0.286 |15.0 |14.0| 0.97(0.007) |1.0| 0.892(0.036) | 1.0(0.02,0.006) | 0.974(0.067) |0.397(0.212) |0.852(0.3,+0.13-0.13) |0.965(0.009)| 1.0(+0.0-0.0)| 5.026(+0.771-0.771,+0.396-0.396)
 31 : 43.486( 0.121)|33.739 |9.748 |57.0 |43.0| 0.936(0.016) |14.0| 0.96(0.017) | 1.0(0.02,0.007) | 0.974(0.067) |0.403(0.028) |0.922(0.3,+0.047-0.047) |0.942(0.017)| 1.0(+0.0-0.0)| 20.508(+0.368-0.368,+0.313-0.313)
 32 : 13.92( 0.163)|11.105 |2.815 |14.0 |8.0| 0.936(0.016) |6.0| 0.96(0.017) | 1.0(0.02,0.009) | 0.974(0.067) |0.443(0.069) |0.762(0.3,+0.126-0.126) |0.946(0.017)| 1.0(+0.0-0.0)| 4.597(+0.814-0.814,+0.34-0.34)
 33 : 72.254( 0.097)|59.179 |13.075 |92.0 |73.0| 0.953(0.011) |19.0| 0.948(0.017) | 1.0(0.02,0.007) | 0.974(0.067) |0.397(0.02) |0.948(0.3,+0.025-0.025) |0.952(0.012)| 1.0(+0.0-0.0)| 33.855(+0.283-0.283,+0.31-0.31)
 34 : 30.31( 0.123)|24.172 |6.138 |44.0 |35.0| 0.953(0.011) |9.0| 0.948(0.017) | 1.0(0.02,0.007) | 0.974(0.067) |0.397(0.045) |0.862(0.3,+0.036-0.036) |0.952(0.012)| 1.0(+0.0-0.0)| 14.72(+0.451-0.451,+0.314-0.314)
 35 : 7.652( 0.212)|6.51 |1.142 |11.0 |11.0| 0.97(0.007) |0.0| 0.892(0.036) | 1.0(0.02,0.006) | 0.974(0.067) |0.363(0.051) |0.81(0.3,+0.176-0.176) |0.97(0.007)| 1.0(+0.0-0.0)| 3.225(+1.152-1.152,+0.358-0.358)
 36 : 9.134( 0.196)|7.989 |1.145 |16.0 |16.0| 0.97(0.007) |0.0| 0.892(0.036) | 1.0(0.02,0.006) | 0.974(0.067) |0.358(0.081) |0.772(0.3,+0.077-0.077) |0.97(0.007)| 1.0(+0.0-0.0)| 4.404(+0.984-0.984,+0.328-0.328)
 37 : 1.47( 0.464)|1.184 |0.286 |3.0 |3.0| 0.97(0.007) |0.0| 0.892(0.036) | 1.0(0.02,0.006) | 0.974(0.067) |0.399(0.103) |0.838(0.3,+0.124-0.124) |0.97(0.007)| 1.0(+0.0-0.0)| 1.0(+2.405-2.405,+0.348-0.348)
 38 : 0.888( 0.597)|0.888 |0.0 |4.0 |3.0| 0.97(0.007) |1.0| 0.892(0.036) | 1.0(0.02,0.007) | 0.974(0.067) |0.397(0.212) |0.898(0.3,+0.114-0.125) |0.95(0.014)| 1.0(+0.0-0.0)| 1.392(+1.437-1.437,+0.391-0.395)
 39 : 1.158( 0.518)|0.587 |0.571 |4.0 |2.0| 0.936(0.016) |2.0| 0.96(0.017) | 1.0(0.02,0.009) | 0.974(0.067) |0.403(0.028) |0.922(0.3,+0.047-0.047) |0.948(0.017)| 1.0(+0.0-0.0)| 1.449(+1.381-1.381,+0.313-0.313)
 40 : 1.462( 0.464)|1.18 |0.282 |1.0 |1.0| 0.936(0.016) |0.0| 0.96(0.017) | 1.0(0.02,0.006) | 0.974(0.067) |0.443(0.069) |0.762(0.3,+0.126-0.126) |0.936(0.016)| 1.0(+0.0-0.0)| 0.325(+5.994-5.994,+0.34-0.34)
 41 : 2.268( 0.404)|1.985 |0.283 |5.0 |4.0| 0.953(0.011) |1.0| 0.948(0.017) | 1.0(0.02,0.007) | 0.974(0.067) |0.397(0.02) |0.948(0.3,+0.025-0.025) |0.952(0.012)| 1.0(+0.0-0.0)| 1.84(+1.215-1.215,+0.31-0.31)
 42 : 4.421( 0.274)|4.421 |0.0 |4.0 |4.0| 0.953(0.011) |0.0| 0.948(0.017) | 1.0(0.02,0.006) | 0.974(0.067) |0.397(0.045) |0.862(0.3,+0.036-0.036) |0.953(0.011)| 1.0(+0.0-0.0)| 1.339(+1.945-1.945,+0.314-0.314)
 43 : 0.0( 1.671)|0.0 |0.0 |0.0 |0.0| 0.97(0.007) |0.0| 0.892(0.036) | 1.0(0.02,0.0) | 0.974(0.067) |0.363(0.051) |0.81(0.3,+0.176-0.176) |1.0(0.0)| 1.0(+0.0-0.0)| 0.0(+0.858-0.858,+0.358-0.358)
 44 : 1.174( 0.518)|0.888 |0.286 |1.0 |0.0| 0.97(0.007) |1.0| 0.892(0.036) | 1.0(0.02,0.012) | 0.974(0.067) |0.358(0.081) |0.772(0.3,+0.077-0.077) |0.892(0.036)| 1.0(+0.0-0.0)| 0.253(+7.69-7.69,+0.33-0.33)
 45 : 0.0( 1.671)|0.0 |0.0 |0.0 |0.0| 0.97(0.007) |0.0| 0.892(0.036) | 1.0(0.02,0.0) | 0.974(0.067) |0.399(0.103) |0.838(0.3,+0.124-0.124) |1.0(0.0)| 1.0(+0.0-0.0)| 0.0(+0.943-0.943,+0.348-0.348)
 46 : 0.296( 1.029)|0.296 |0.0 |0.0 |0.0| 0.97(0.007) |0.0| 0.892(0.036) | 1.0(0.02,0.0) | 0.974(0.067) |0.397(0.212) |0.898(0.3,+0.114-0.125) |1.0(0.0)| 1.0(+0.0-0.0)| 0.0(+0.938-0.938,+0.391-0.395)

binIndex
[1, 2, 3, 4, 5, 6, 7, 8, 9, 10, 11, 12, 13, 14, 15, 16, 17, 18, 19, 20, 21, 22, 23, 24, 25, 26, 27, 28, 29, 30, 31, 32, 33, 34, 35, 36, 37, 38, 39, 40, 41, 42, 43, 44, 45, 46]
------------------------------------------------------
nMCGJ
[54562.62912227123, 4155.48009468899, 303.91977855848023, 50482.9801976836, 11551.0748744954, 698.7376755845569, 4875.228901752525, 209.60495118997636, 837.8599614786682, 31.948258960547417, 8930.397882679932, 3127.0484076939574, 287.2700060454986, 7649.1553737356635, 7130.609942447825, 648.6740290761929, 1395.0107141061624, 209.7416595301162, 275.2067370168938, 34.87802872204422, 447.5623474642183, 581.757693804809, 85.19569315625958, 331.84444630734345, 1099.296419183581, 202.84923041738904, 142.13178809887756, 61.3207651063564, 36.061659385995114, 9.75518401146809, 43.486180092955614, 13.920325338463321, 72.25386792034095, 30.310343170564323, 7.652315754886864, 9.133981703814305, 1.469769363811808, 0.8877229979631731, 1.1581501257881437, 1.4623808114189396, 2.268155400974458, 4.421016291806411, 0.0, 1.1738616978240834, 0.0, 0.29590766598772433]
------------------------------------------------------
nMCerr
[0.06692474138724362, 0.06737008431436493, 0.07404248389265941, 0.06689174102384982, 0.0670056985265931, 0.07005692490063224, 0.06728353872071528, 0.07737996067702974, 0.06958896080091867, 0.12224103711874594, 0.06744143947904796, 0.06758892599064686, 0.07446588889358778, 0.06738854613297889, 0.06714357358380875, 0.07031321087019327, 0.06847817762023538, 0.07721250311481907, 0.07488996689485733, 0.11642463875704777, 0.07837562426858445, 0.07137857961799163, 0.08999408665289177, 0.08066166905006146, 0.06914171909065747, 0.07743646894012092, 0.0817966239682418, 0.09812478785270695, 0.11449722396511755, 0.20079424114629696, 0.12081580313026649, 0.16263525111823884, 0.09693973658119884, 0.12254545633675351, 0.21224678788050638, 0.19621668442796317, 0.4642424050807493, 0.5967961498515567, 0.5179680928451659, 0.4642700097336713, 0.40428010324581887, 0.2735026111551371, 1.6713350459533973, 0.5179712808826052, 1.6713350459533973, 1.0293567223119668]
------------------------------------------------------
nMCEBt
[43368.49083231248, 3323.742873842451, 250.97324606684703, 41821.50466645549, 9755.698859199587, 607.6782262552994, 4469.846332656789, 196.47366936317368, 810.3906462920207, 31.662120260686507, 7050.778531471749, 2429.4768013286935, 234.0211194042756, 6278.367122571993, 5909.480409814742, 555.6966871181238, 1275.7927227205564, 192.32882835653234, 266.9087147209274, 33.733473922600574, 346.75939728520126, 441.7832557707022, 68.70105137508203, 257.34895944200946, 897.0192033615065, 167.73963689256604, 131.27029118803446, 55.03433095510217, 34.917104586551474, 9.469045311607179, 33.73858166465213, 11.105351605929636, 59.17924806419001, 24.17191115980432, 6.509915266864674, 7.989426904370664, 1.1836306639508973, 0.8877229979631731, 0.5870511389399646, 1.1799405802071972, 1.985080325068798, 4.421016291806411, 0.0, 0.8877229979631731, 0.0, 0.29590766598772433]
------------------------------------------------------
nMCECt
[11194.13828995875, 831.7372208465385, 52.946532491633185, 8661.475531228114, 1795.3760152958134, 91.05944932925756, 405.3825690957361, 13.131281826802686, 27.469315186647396, 0.2861386998609104, 1879.6193512081825, 697.5716063652638, 53.24888664122298, 1370.7882511636708, 1221.1295326330835, 92.97734195806919, 119.21799138560593, 17.41283117358385, 8.298022295966401, 1.1445547994436416, 100.80295017901702, 139.97443803410678, 16.494641781177545, 74.49548686533397, 202.27721582207457, 35.109593524822984, 10.861496910843119, 6.286434151254225, 1.1445547994436416, 0.2861386998609104, 9.747598428303483, 2.814973732533685, 13.074619856150935, 6.1384320107600026, 1.1424004880221907, 1.1445547994436416, 0.2861386998609104, 0.0, 0.571098986848179, 0.28244023121174233, 0.2830750759056599, 0.0, 0.0, 0.2861386998609104, 0.0, 0.0]
------------------------------------------------------
Nobs
[63108.0, 3492.0, 192.0, 54361.0, 10474.0, 474.0, 4393.0, 152.0, 695.0, 23.0, 10608.0, 2961.0, 206.0, 8267.0, 6885.0, 544.0, 1249.0, 149.0, 259.0, 29.0, 546.0, 667.0, 75.0, 420.0, 1188.0, 216.0, 170.0, 65.0, 36.0, 15.0, 57.0, 14.0, 92.0, 44.0, 11.0, 16.0, 3.0, 4.0, 4.0, 1.0, 5.0, 4.0, 0.0, 1.0, 0.0, 0.0]
------------------------------------------------------
nEB
[48930.0, 2766.0, 161.0, 44005.0, 8794.0, 414.0, 3947.0, 134.0, 673.0, 23.0, 8179.0, 2255.0, 163.0, 6564.0, 5586.0, 466.0, 1110.0, 134.0, 251.0, 29.0, 399.0, 492.0, 60.0, 340.0, 953.0, 178.0, 151.0, 57.0, 36.0, 14.0, 43.0, 8.0, 73.0, 35.0, 11.0, 16.0, 3.0, 3.0, 2.0, 1.0, 4.0, 4.0, 0.0, 0.0, 0.0, 0.0]
------------------------------------------------------
pEB
[0.935941864678, 0.935941864678, 0.935941864678, 0.9528332801676668, 0.9528332801676668, 0.9528332801676668, 0.9698275681449999, 0.9698275681449999, 0.9698275681449999, 0.9698275681449999, 0.935941864678, 0.935941864678, 0.935941864678, 0.9528332801676668, 0.9528332801676668, 0.9528332801676668, 0.9698275681449999, 0.9698275681449999, 0.9698275681449999, 0.9698275681449999, 0.935941864678, 0.935941864678, 0.935941864678, 0.9528332801676668, 0.9528332801676668, 0.9528332801676668, 0.9698275681449999, 0.9698275681449999, 0.9698275681449999, 0.9698275681449999, 0.935941864678, 0.935941864678, 0.9528332801676668, 0.9528332801676668, 0.9698275681449999, 0.9698275681449999, 0.9698275681449999, 0.9698275681449999, 0.935941864678, 0.935941864678, 0.9528332801676668, 0.9528332801676668, 0.9698275681449999, 0.9698275681449999, 0.9698275681449999, 0.9698275681449999]
------------------------------------------------------
pEBerr
[0.016481122146733865, 0.016481122146733865, 0.016481122146733865, 0.01100477066441423, 0.01100477066441423, 0.01100477066441423, 0.006700851348688687, 0.006700851348688687, 0.006700851348688687, 0.006700851348688687, 0.016481122146733865, 0.016481122146733865, 0.016481122146733865, 0.01100477066441423, 0.01100477066441423, 0.01100477066441423, 0.006700851348688687, 0.006700851348688687, 0.006700851348688687, 0.006700851348688687, 0.016481122146733865, 0.016481122146733865, 0.016481122146733865, 0.01100477066441423, 0.01100477066441423, 0.01100477066441423, 0.006700851348688687, 0.006700851348688687, 0.006700851348688687, 0.006700851348688687, 0.016481122146733865, 0.016481122146733865, 0.01100477066441423, 0.01100477066441423, 0.006700851348688687, 0.006700851348688687, 0.006700851348688687, 0.006700851348688687, 0.016481122146733865, 0.016481122146733865, 0.01100477066441423, 0.01100477066441423, 0.006700851348688687, 0.006700851348688687, 0.006700851348688687, 0.006700851348688687]
------------------------------------------------------
nEC
[14178.0, 726.0, 31.0, 10356.0, 1680.0, 60.0, 446.0, 18.0, 22.0, 0.0, 2429.0, 706.0, 43.0, 1703.0, 1299.0, 78.0, 139.0, 15.0, 8.0, 0.0, 147.0, 175.0, 15.0, 80.0, 235.0, 38.0, 19.0, 8.0, 0.0, 1.0, 14.0, 6.0, 19.0, 9.0, 0.0, 0.0, 0.0, 1.0, 2.0, 0.0, 1.0, 0.0, 0.0, 1.0, 0.0, 0.0]
------------------------------------------------------
pEC
[0.9603043977869999, 0.9603043977869999, 0.9603043977869999, 0.948359821654, 0.948359821654, 0.948359821654, 0.8919489522903333, 0.8919489522903333, 0.8919489522903333, 0.8919489522903333, 0.9603043977869999, 0.9603043977869999, 0.9603043977869999, 0.948359821654, 0.948359821654, 0.948359821654, 0.8919489522903333, 0.8919489522903333, 0.8919489522903333, 0.8919489522903333, 0.9603043977869999, 0.9603043977869999, 0.9603043977869999, 0.948359821654, 0.948359821654, 0.948359821654, 0.8919489522903333, 0.8919489522903333, 0.8919489522903333, 0.8919489522903333, 0.9603043977869999, 0.9603043977869999, 0.948359821654, 0.948359821654, 0.8919489522903333, 0.8919489522903333, 0.8919489522903333, 0.8919489522903333, 0.9603043977869999, 0.9603043977869999, 0.948359821654, 0.948359821654, 0.8919489522903333, 0.8919489522903333, 0.8919489522903333, 0.8919489522903333]
------------------------------------------------------
pECerr
[0.01667440668490169, 0.01667440668490169, 0.01667440668490169, 0.016930112124528423, 0.016930112124528423, 0.016930112124528423, 0.03604156077892064, 0.03604156077892064, 0.03604156077892064, 0.03604156077892064, 0.01667440668490169, 0.01667440668490169, 0.01667440668490169, 0.016930112124528423, 0.016930112124528423, 0.016930112124528423, 0.03604156077892064, 0.03604156077892064, 0.03604156077892064, 0.03604156077892064, 0.01667440668490169, 0.01667440668490169, 0.01667440668490169, 0.016930112124528423, 0.016930112124528423, 0.016930112124528423, 0.03604156077892064, 0.03604156077892064, 0.03604156077892064, 0.03604156077892064, 0.01667440668490169, 0.01667440668490169, 0.016930112124528423, 0.016930112124528423, 0.03604156077892064, 0.03604156077892064, 0.03604156077892064, 0.03604156077892064, 0.01667440668490169, 0.01667440668490169, 0.016930112124528423, 0.016930112124528423, 0.03604156077892064, 0.03604156077892064, 0.03604156077892064, 0.03604156077892064]
------------------------------------------------------
trigW
[1.0, 1.0, 1.0, 1.0, 1.0, 1.0, 1.0, 1.0, 1.0, 1.0, 1.0, 1.0, 1.0, 1.0, 1.0, 1.0, 1.0, 1.0, 1.0, 1.0, 1.0, 1.0, 1.0, 1.0, 1.0, 1.0, 1.0, 1.0, 1.0, 1.0, 1.0, 1.0, 1.0, 1.0, 1.0, 1.0, 1.0, 1.0, 1.0, 1.0, 1.0, 1.0, 1.0, 1.0, 1.0, 1.0]
------------------------------------------------------
trigWsysErr
[0.02, 0.02, 0.02, 0.02, 0.02, 0.02, 0.02, 0.02, 0.02, 0.02, 0.02, 0.02, 0.02, 0.02, 0.02, 0.02, 0.02, 0.02, 0.02, 0.02, 0.02, 0.02, 0.02, 0.02, 0.02, 0.02, 0.02, 0.02, 0.02, 0.02, 0.02, 0.02, 0.02, 0.02, 0.02, 0.02, 0.02, 0.02, 0.02, 0.02, 0.02, 0.02, 0.02, 0.02, 0.02, 0.02]
------------------------------------------------------
trigWerr
[0.007209553841034417, 0.0070990432646048105, 0.006792771770833333, 0.006984306749323964, 0.0067857742524346, 0.006562791392405063, 0.006397559198725244, 0.006508974473684211, 0.005936817899280576, 0.00572808, 0.007238012162518854, 0.007300359405606214, 0.007104543398058252, 0.007086487724688522, 0.006972218239651416, 0.006673574779411765, 0.006461944355484387, 0.006391927651006712, 0.005931762471042472, 0.00572808, 0.007503446923076923, 0.007458197691154423, 0.007046924, 0.0069841219047619045, 0.007032492205387206, 0.00688817425925926, 0.0064650810588235295, 0.006539676307692308, 0.00572808, 0.006167694666666667, 0.00734771298245614, 0.008554174285714285, 0.007089929782608695, 0.007076897727272727, 0.00572808, 0.00572808, 0.00572808, 0.0073766349999999994, 0.009025189999999999, 0.00572808, 0.007046924, 0.00572808, 0.0, 0.0123223, 0.0, 0.0]
------------------------------------------------------
SF
[0.9735319735212031, 0.9735319735212031, 0.9735319735212031, 0.9735319735212031, 0.9735319735212031, 0.9735319735212031, 0.9735319735212031, 0.9735319735212031, 0.9735319735212031, 0.9735319735212031, 0.9735319735212031, 0.9735319735212031, 0.9735319735212031, 0.9735319735212031, 0.9735319735212031, 0.9735319735212031, 0.9735319735212031, 0.9735319735212031, 0.9735319735212031, 0.9735319735212031, 0.9735319735212031, 0.9735319735212031, 0.9735319735212031, 0.9735319735212031, 0.9735319735212031, 0.9735319735212031, 0.9735319735212031, 0.9735319735212031, 0.9735319735212031, 0.9735319735212031, 0.9735319735212031, 0.9735319735212031, 0.9735319735212031, 0.9735319735212031, 0.9735319735212031, 0.9735319735212031, 0.9735319735212031, 0.9735319735212031, 0.9735319735212031, 0.9735319735212031, 0.9735319735212031, 0.9735319735212031, 0.9735319735212031, 0.9735319735212031, 0.9735319735212031, 0.9735319735212031]
------------------------------------------------------
SFerr
[0.06678948893384838, 0.06678948893384838, 0.06678948893384838, 0.06678948893384838, 0.06678948893384838, 0.06678948893384838, 0.06678948893384838, 0.06678948893384838, 0.06678948893384838, 0.06678948893384838, 0.06678948893384838, 0.06678948893384838, 0.06678948893384838, 0.06678948893384838, 0.06678948893384838, 0.06678948893384838, 0.06678948893384838, 0.06678948893384838, 0.06678948893384838, 0.06678948893384838, 0.06678948893384838, 0.06678948893384838, 0.06678948893384838, 0.06678948893384838, 0.06678948893384838, 0.06678948893384838, 0.06678948893384838, 0.06678948893384838, 0.06678948893384838, 0.06678948893384838, 0.06678948893384838, 0.06678948893384838, 0.06678948893384838, 0.06678948893384838, 0.06678948893384838, 0.06678948893384838, 0.06678948893384838, 0.06678948893384838, 0.06678948893384838, 0.06678948893384838, 0.06678948893384838, 0.06678948893384838, 0.06678948893384838, 0.06678948893384838, 0.06678948893384838, 0.06678948893384838]
------------------------------------------------------
ZgR
[0.4161348231834333, 0.4075552043006909, 0.46552821645601233, 0.4281269921738402, 0.4203994792254585, 0.42034291515649763, 0.42866395271197233, 0.40571901302953534, 0.5351256395535582, 0.6021981871447882, 0.42559498213845776, 0.39620562255580305, 0.43214958364591455, 0.41800519875701697, 0.4069446188064668, 0.4109060893298979, 0.38894375193354436, 0.3747503379487249, 0.48180572194741206, 0.43430654480608805, 0.4621635802248563, 0.4033558289888744, 0.44304352218460924, 0.4408187101166826, 0.39686420568524244, 0.3968022217994064, 0.3633256058136336, 0.3577066368721545, 0.39947134667815115, 0.3971122215880982, 0.4033558289888744, 0.44304352218460924, 0.39686420568524244, 0.3968022217994064, 0.3633256058136336, 0.3577066368721545, 0.39947134667815115, 0.3971122215880982, 0.4033558289888744, 0.44304352218460924, 0.39686420568524244, 0.3968022217994064, 0.3633256058136336, 0.3577066368721545, 0.39947134667815115, 0.3971122215880982]
------------------------------------------------------
REr1
[0.0047426382075027975, 0.009604011574592541, 0.036501036535571074, 0.004047633669246594, 0.005777488661857556, 0.0242035987178069, 0.008634031625263152, 0.0438358175789572, 0.020810326742461624, 0.11045122004021794, 0.010452583865410963, 0.011340723540712751, 0.03786752537870335, 0.009863458922147624, 0.007457445442118595, 0.025153079204433264, 0.01629634932783683, 0.043918593419354744, 0.0371848168669356, 0.10727085486648548, 0.04607921844322225, 0.02768977268724119, 0.06880839341306694, 0.050142725693315834, 0.01956584372808943, 0.04492422085015151, 0.05118381034441126, 0.08149347115308338, 0.10340550032975383, 0.21234714694957688, 0.02768977268724119, 0.06880839341306694, 0.01956584372808943, 0.04492422085015151, 0.05118381034441126, 0.08149347115308338, 0.10340550032975383, 0.21234714694957688, 0.02768977268724119, 0.06880839341306694, 0.01956584372808943, 0.04492422085015151, 0.05118381034441126, 0.08149347115308338, 0.10340550032975383, 0.21234714694957688]
------------------------------------------------------
f
[0.969432907698, 0.973145158757, 0.979263771362, 0.976889210827, 0.968630268912, 0.977559820541, 0.985131528509, 0.983965826053, 0.989420643321, 0.990962172524, 0.924415581298, 0.900613686123, 0.944646618266, 0.949206308714, 0.928448449434, 0.932263077866, 0.966073435266, 0.95206802902, 0.968901223366, 0.950653869399, 0.907367595812, 0.871073319118, 0.888424582686, 0.972950074516, 0.892513261282, 0.888482999934, 0.929254115212, 0.871710694575, 0.942829884842, 0.851514476336, 0.921928773995, 0.762406001333, 0.948291436198, 0.86223639719, 0.809934607131, 0.772346396222, 0.837954268482, 0.897608048896, 0.921928773995, 0.762406001333, 0.948291436198, 0.86223639719, 0.809934607131, 0.772346396222, 0.837954268482, 0.897608048896]
------------------------------------------------------
fsysErr
[0.3, 0.3, 0.3, 0.3, 0.3, 0.3, 0.3, 0.3, 0.3, 0.3, 0.3, 0.3, 0.3, 0.3, 0.3, 0.3, 0.3, 0.3, 0.3, 0.3, 0.3, 0.3, 0.3, 0.3, 0.3, 0.3, 0.3, 0.3, 0.3, 0.3, 0.3, 0.3, 0.3, 0.3, 0.3, 0.3, 0.3, 0.3, 0.3, 0.3, 0.3, 0.3, 0.3, 0.3, 0.3, 0.3]
------------------------------------------------------
ferrUp
[0.002250200779804311, 0.003972962859578311, 0.0049004880203068635, 0.00167757407817274, 0.002384757431114161, 0.003165890683484979, 0.0020279042173623305, 0.004365766789860662, 0.0015852519632553635, 0.005836579925849714, 0.007787383961985988, 0.009812669869390639, 0.008344398899282767, 0.006063123069459132, 0.004721424548926035, 0.0072158929819024, 0.004291138046921409, 0.007853669233296907, 0.004964086894906463, 0.01885866658054425, 0.038399414046210986, 0.02546383174134997, 0.032584517665053776, 0.01571095890845592, 0.013587914068503917, 0.016126979345428533, 0.02199867618766077, 0.029982614856116467, 0.018523126276620575, 0.13040434315902827, 0.04748179544294971, 0.12551371208357517, 0.02476476642851025, 0.03636481466368751, 0.17565094320631955, 0.07720069804942994, 0.1237737145726204, 0.1140720064062878, 0.04748179544294971, 0.12551371208357517, 0.02476476642851025, 0.03636481466368751, 0.17565094320631955, 0.07720069804942994, 0.1237737145726204, 0.1140720064062878]
------------------------------------------------------
ferrDn
[0.002250200779804311, 0.003972962859578311, 0.0049004880203068635, 0.00167757407817274, 0.002384757431114161, 0.003165890683484979, 0.0020279042173623305, 0.004365766789860662, 0.0015852519632553635, 0.005836579925849714, 0.007787383961985988, 0.009812669869390639, 0.008344398899282767, 0.006063123069459132, 0.004721424548926035, 0.0072158929819024, 0.004291138046921409, 0.007853669233296907, 0.004964086894906463, 0.01885866658054425, 0.038399414046210986, 0.02546383174134997, 0.032584517665053776, 0.01571095890845592, 0.013587914068503917, 0.016126979345428533, 0.02199867618766077, 0.029982614856116467, 0.018523126276620575, 0.13040434315902827, 0.04748179544294971, 0.12551371208357517, 0.02476476642851025, 0.03636481466368751, 0.17565094320631955, 0.07720069804942994, 0.1237737145726204, 0.1254040169854159, 0.04748179544294971, 0.12551371208357517, 0.02476476642851025, 0.03636481466368751, 0.17565094320631955, 0.07720069804942994, 0.1237737145726204, 0.1254040169854159]
------------------------------------------------------
purity
[0.9414152118672534, 0.9410069274034106, 0.9398753986695573, 0.9519810674348707, 0.9521157500642717, 0.9522670195963167, 0.96192092970403, 0.9606051004779999, 0.9673623457726219, 0.9698275681449999, 0.9415203519443802, 0.9417506956050361, 0.9410272478026941, 0.9519117487960962, 0.9519892681692277, 0.9521918651601925, 0.9611605324333916, 0.9619874390321139, 0.9674220510529639, 0.9698275681449999, 0.9425010082073462, 0.9423338336346342, 0.9408143712998, 0.9519811928317302, 0.951948378862354, 0.9520462828365587, 0.9611234875494783, 0.9602425077321178, 0.9698275681449999, 0.9646356604213555, 0.9419256447398596, 0.9463829502961428, 0.9519094137354963, 0.9519182545625985, 0.9698275681449999, 0.9698275681449999, 0.9698275681449999, 0.9503579141813333, 0.9481231312325, 0.935941864678, 0.9519385884649335, 0.9528332801676668, 1.0, 0.8919489522903333, 1.0, 1.0]
------------------------------------------------------
pErr
[0.016525417214993673, 0.01652213080846066, 0.01651300786575763, 0.012129279370035528, 0.011951429497596, 0.011751736423354657, 0.009462986286847257, 0.009927076250884959, 0.007557217134622306, 0.006700851348688687, 0.016526263058132016, 0.01652811549350599, 0.016522294441004136, 0.012220835000934911, 0.012118448772630522, 0.011850940939384215, 0.00973102168736326, 0.009439562306456031, 0.007536425219572672, 0.006700851348688687, 0.016534143267089883, 0.016532801070666743, 0.01652057987563109, 0.012129113758717797, 0.012172452573836187, 0.012043155441319295, 0.009744090617294312, 0.01005518541774948, 0.006700851348688687, 0.008509507618927145, 0.016529521837916457, 0.016565176911835053, 0.01222391936673855, 0.012212241657632673, 0.006700851348688687, 0.006700851348688687, 0.006700851348688687, 0.013585208979964496, 0.01657900605332388, 0.016481122146733865, 0.012185383749847513, 0.01100477066441423, 0.0, 0.03604156077892064, 0.0, 0.0]
------------------------------------------------------
DR
[1.0, 1.0, 1.0, 1.0, 1.0, 1.0, 1.0, 1.0, 1.0, 1.0, 1.0, 1.0, 1.0, 1.0, 1.0, 1.0, 1.0, 1.0, 1.0, 1.0, 1.0, 1.0, 1.0, 1.0, 1.0, 1.0, 1.0, 1.0, 1.0, 1.0, 1.0, 1.0, 1.0, 1.0, 1.0, 1.0, 1.0, 1.0, 1.0, 1.0, 1.0, 1.0, 1.0, 1.0, 1.0, 1.0]
------------------------------------------------------
DRup
[0.0, 0.0, 0.0, 0.0, 0.0, 0.0, 0.0, 0.0, 0.0, 0.0, 0.0, 0.0, 0.0, 0.0, 0.0, 0.0, 0.0, 0.0, 0.0, 0.0, 0.0, 0.0, 0.0, 0.0, 0.0, 0.0, 0.0, 0.0, 0.0, 0.0, 0.0, 0.0, 0.0, 0.0, 0.0, 0.0, 0.0, 0.0, 0.0, 0.0, 0.0, 0.0, 0.0, 0.0, 0.0, 0.0]
------------------------------------------------------
DRlow
[0.0, 0.0, 0.0, 0.0, 0.0, 0.0, 0.0, 0.0, 0.0, 0.0, 0.0, 0.0, 0.0, 0.0, 0.0, 0.0, 0.0, 0.0, 0.0, 0.0, 0.0, 0.0, 0.0, 0.0, 0.0, 0.0, 0.0, 0.0, 0.0, 0.0, 0.0, 0.0, 0.0, 0.0, 0.0, 0.0, 0.0, 0.0, 0.0, 0.0, 0.0, 0.0, 0.0, 0.0, 0.0, 0.0]
------------------------------------------------------
Yield
[24618.819656004733, 1338.6927327429662, 84.5020000784316, 22232.251766309175, 4171.308448570929, 190.51709043030516, 1832.996100006459, 59.874738860758235, 365.6457171335789, 13.67315264102107, 4036.2379328954057, 1022.0762912767681, 81.2872951753855, 3207.278731331797, 2543.7761017785615, 203.8234782931379, 463.34564736936795, 52.53097540566704, 120.14812134799406, 11.927820579440763, 221.66811646028768, 226.84198955723255, 28.528697539376157, 176.14812089189098, 411.46815370326294, 74.47059282297714, 56.66415173663109, 19.99141048454776, 13.507213977611885, 5.025851371553531, 20.5081726271386, 4.597030879150321, 33.854545559899044, 14.719822021238922, 3.224652743351307, 4.4035548560633515, 1.0003949978859268, 1.3918645025274814, 1.448639160484783, 0.3247366838481443, 1.8399773454182695, 1.3394519418367874, 0.0, 0.25312142263929455, 0.0, 0.0]
------------------------------------------------------
YstatUp
[0.010204106472026856, 0.044142427433437575, 0.1639772602741949, 0.010487217295598098, 0.024534882346345765, 0.11427605265177872, 0.03615922058917014, 0.20591034283438417, 0.07209944330702271, 0.37140500075399474, 0.025517610019284973, 0.05323973553253678, 0.17656756893484932, 0.028348968705299703, 0.03261918376291874, 0.11443140787655984, 0.07627393134001201, 0.23236872191063215, 0.1339469711125847, 0.4726902586622174, 0.10541273713255028, 0.11385168676531067, 0.3035628957785839, 0.11634470710304715, 0.083766812981801, 0.1973522420002071, 0.2300997087365996, 0.4032860890195928, 0.46109238727879814, 0.7706123917887063, 0.3681378430216647, 0.8139291392938217, 0.2833197990992038, 0.4506338168450558, 1.151547502760616, 0.9843448346561289, 2.4050633051253207, 1.4369214793309317, 1.3806060574330363, 5.994117060633484, 1.215269298324692, 1.9452372150126238, 0.858079398829433, 7.690023533257149, 0.9434461197403152, 0.9378744875551772]
------------------------------------------------------
YstatLow
[0.010204106472026856, 0.044142427433437575, 0.1639772602741949, 0.010487217295598098, 0.024534882346345765, 0.11427605265177872, 0.03615922058917014, 0.20591034283438417, 0.07209944330702271, 0.37140500075399474, 0.025517610019284973, 0.05323973553253678, 0.17656756893484932, 0.028348968705299703, 0.03261918376291874, 0.11443140787655984, 0.07627393134001201, 0.23236872191063215, 0.1339469711125847, 0.4726902586622174, 0.10541273713255028, 0.11385168676531067, 0.3035628957785839, 0.11634470710304715, 0.083766812981801, 0.1973522420002071, 0.2300997087365996, 0.4032860890195928, 0.46109238727879814, 0.7706123917887063, 0.3681378430216647, 0.8139291392938217, 0.2833197990992038, 0.4506338168450558, 1.151547502760616, 0.9843448346561289, 2.4050633051253207, 1.4369214793309317, 1.3806060574330363, 5.994117060633484, 1.215269298324692, 1.9452372150126238, 0.858079398829433, 7.690023533257149, 0.9434461197403152, 0.9378744875551772]
------------------------------------------------------
YsysUp
[0.3085667819670123, 0.3086944031335485, 0.3107024259000211, 0.3083438557584014, 0.30836469589518317, 0.3092536926644228, 0.30833418818358715, 0.3113557262137854, 0.3088507340003399, 0.32737147984351317, 0.308798060034727, 0.3088886695585561, 0.31094673989902494, 0.30853598206967886, 0.3084383403569897, 0.30940356128933066, 0.3086766434428277, 0.3114182410778766, 0.3104193487965521, 0.3268045803692338, 0.31430610050200947, 0.31081332708638815, 0.31777314286277425, 0.3127584632926429, 0.30923439981646744, 0.3119801042557929, 0.31321127789797426, 0.3202262528060871, 0.3255370207009252, 0.3963179172606574, 0.3133836214933138, 0.3401421787149624, 0.3099300615269551, 0.3136887669718329, 0.35834562147732546, 0.32793243475024847, 0.3477803589320126, 0.3914122404092373, 0.3134300523853035, 0.34007875712080665, 0.3099275632209697, 0.3136165446439727, 0.3582371730051015, 0.33001939735811436, 0.34766861484694855, 0.3911068515063703]
------------------------------------------------------
YsysLow
[0.3085667819670123, 0.3086944031335485, 0.3107024259000211, 0.3083438557584014, 0.30836469589518317, 0.3092536926644228, 0.30833418818358715, 0.3113557262137854, 0.3088507340003399, 0.32737147984351317, 0.308798060034727, 0.3088886695585561, 0.31094673989902494, 0.30853598206967886, 0.3084383403569897, 0.30940356128933066, 0.3086766434428277, 0.3114182410778766, 0.3104193487965521, 0.3268045803692338, 0.31430610050200947, 0.31081332708638815, 0.31777314286277425, 0.3127584632926429, 0.30923439981646744, 0.3119801042557929, 0.31321127789797426, 0.3202262528060871, 0.3255370207009252, 0.3963179172606574, 0.3133836214933138, 0.3401421787149624, 0.3099300615269551, 0.3136887669718329, 0.35834562147732546, 0.32793243475024847, 0.3477803589320126, 0.39486363060264346, 0.3134300523853035, 0.34007875712080665, 0.3099275632209697, 0.3136165446439727, 0.3582371730051015, 0.33001939735811436, 0.34766861484694855, 0.394560913073949]
------------------------------------------------------