 binIndex : nMCGJ( nMCerr)|nMCEBt |nMCECt |Nobs |nEB| pEB(pEBerr) |nEC| pEC(pECerr) | trigW(trigWsysErr,trigWerr) | SF(SFerr) |ZgR(REr1) |f(fsysErr,+ferrUp-ferrDn) |purity(pErr)| DR(+DRup-DRlow)| Yield(+YstatUp-YstatLow,+YsysUp-YsysLow)
 1 : 32145.838( 0.067)|24742.69 |7403.149 |58419.0 |44276.0| 0.961(0.018) |14143.0| 0.923(0.048) | 1.0(0.02,0.014) | 0.974(0.067) |0.411(0.005) |0.969(0.3,+0.002-0.002) |0.952(0.025)| 1.0(+0.0-0.0)| 22738.923(+0.011-0.011,+0.309-0.309)
 2 : 2375.201( 0.067)|1834.191 |541.01 |3315.0 |2562.0| 0.961(0.018) |753.0| 0.923(0.048) | 1.0(0.02,0.014) | 0.974(0.067) |0.4(0.009) |0.973(0.3,+0.004-0.004) |0.953(0.025)| 1.0(+0.0-0.0)| 1263.094(+0.046-0.046,+0.309-0.309)
 3 : 170.137( 0.072)|136.12 |34.017 |197.0 |164.0| 0.961(0.018) |33.0| 0.923(0.048) | 1.0(0.02,0.012) | 0.974(0.067) |0.412(0.032) |0.979(0.3,+0.005-0.005) |0.955(0.023)| 1.0(+0.0-0.0)| 77.952(+0.18-0.18,+0.311-0.311)
 4 : 29619.399( 0.067)|23653.598 |5965.801 |49428.0 |39072.0| 0.966(0.016) |10356.0| 0.93(0.03) | 1.0(0.02,0.013) | 0.974(0.067) |0.41(0.004) |0.977(0.3,+0.002-0.002) |0.958(0.019)| 1.0(+0.0-0.0)| 19490.238(+0.011-0.011,+0.309-0.309)
 5 : 6565.613( 0.067)|5376.311 |1189.302 |9402.0 |7698.0| 0.966(0.016) |1704.0| 0.93(0.03) | 1.0(0.02,0.013) | 0.974(0.067) |0.41(0.005) |0.969(0.3,+0.002-0.002) |0.959(0.018)| 1.0(+0.0-0.0)| 3678.104(+0.026-0.026,+0.309-0.309)
 6 : 382.132( 0.069)|322.72 |59.413 |402.0 |351.0| 0.966(0.016) |51.0| 0.93(0.03) | 1.0(0.02,0.011) | 0.974(0.067) |0.426(0.021) |0.978(0.3,+0.003-0.003) |0.961(0.017)| 1.0(+0.0-0.0)| 165.236(+0.121-0.121,+0.309-0.309)
 7 : 2797.826( 0.067)|2496.064 |301.762 |3772.0 |3367.0| 0.982(0.008) |405.0| 0.915(0.052) | 1.0(0.02,0.011) | 0.974(0.067) |0.417(0.008) |0.985(0.3,+0.002-0.002) |0.975(0.013)| 1.0(+0.0-0.0)| 1551.29(+0.04-0.04,+0.309-0.309)
 8 : 119.197( 0.075)|108.092 |11.105 |142.0 |134.0| 0.982(0.008) |8.0| 0.915(0.052) | 1.0(0.02,0.01) | 0.974(0.067) |0.462(0.037) |0.984(0.3,+0.004-0.004) |0.978(0.01)| 1.0(+0.0-0.0)| 64.917(+0.184-0.184,+0.311-0.311)
 9 : 509.919( 0.069)|490.22 |19.699 |598.0 |566.0| 0.982(0.008) |32.0| 0.915(0.052) | 1.0(0.02,0.01) | 0.974(0.067) |0.442(0.018) |0.989(0.3,+0.002-0.002) |0.978(0.01)| 1.0(+0.0-0.0)| 262.717(+0.093-0.093,+0.309-0.309)
 10 : 21.659( 0.103)|21.013 |0.646 |27.0 |27.0| 0.982(0.008) |0.0| 0.915(0.052) | 1.0(0.02,0.008) | 0.974(0.067) |0.529(0.086) |0.991(0.3,+0.006-0.006) |0.982(0.008)| 1.0(+0.0-0.0)| 14.28(+0.382-0.382,+0.32-0.32)
 11 : 6021.873( 0.067)|4563.436 |1458.437 |9227.0 |6870.0| 0.961(0.018) |2357.0| 0.923(0.048) | 1.0(0.02,0.014) | 0.974(0.067) |0.416(0.01) |0.924(0.3,+0.008-0.008) |0.952(0.025)| 1.0(+0.0-0.0)| 3469.129(+0.028-0.028,+0.31-0.31)
 12 : 2130.849( 0.067)|1609.517 |521.332 |2687.0 |2065.0| 0.961(0.018) |622.0| 0.923(0.048) | 1.0(0.02,0.014) | 0.974(0.067) |0.413(0.01) |0.901(0.3,+0.01-0.01) |0.952(0.025)| 1.0(+0.0-0.0)| 977.257(+0.053-0.053,+0.31-0.31)
 13 : 182.502( 0.072)|144.742 |37.76 |190.0 |154.0| 0.961(0.018) |36.0| 0.923(0.048) | 1.0(0.02,0.013) | 0.974(0.067) |0.435(0.03) |0.945(0.3,+0.008-0.008) |0.954(0.023)| 1.0(+0.0-0.0)| 76.501(+0.18-0.18,+0.311-0.311)
 14 : 5173.583( 0.067)|4089.135 |1084.447 |7508.0 |5846.0| 0.966(0.016) |1662.0| 0.93(0.03) | 1.0(0.02,0.014) | 0.974(0.067) |0.421(0.009) |0.949(0.3,+0.006-0.006) |0.958(0.019)| 1.0(+0.0-0.0)| 2954.053(+0.029-0.029,+0.309-0.309)
 15 : 4834.548( 0.067)|3875.407 |959.141 |6026.0 |4863.0| 0.966(0.016) |1163.0| 0.93(0.03) | 1.0(0.02,0.013) | 0.974(0.067) |0.421(0.006) |0.928(0.3,+0.005-0.005) |0.959(0.018)| 1.0(+0.0-0.0)| 2318.799(+0.033-0.033,+0.309-0.309)
 16 : 423.978( 0.069)|353.625 |70.353 |426.0 |357.0| 0.966(0.016) |69.0| 0.93(0.03) | 1.0(0.02,0.012) | 0.974(0.067) |0.441(0.02) |0.932(0.3,+0.007-0.007) |0.96(0.018)| 1.0(+0.0-0.0)| 172.522(+0.12-0.12,+0.309-0.309)
 17 : 918.755( 0.068)|823.099 |95.656 |1048.0 |913.0| 0.982(0.008) |135.0| 0.915(0.052) | 1.0(0.02,0.011) | 0.974(0.067) |0.436(0.014) |0.966(0.3,+0.004-0.004) |0.973(0.014)| 1.0(+0.0-0.0)| 441.127(+0.073-0.073,+0.309-0.309)
 18 : 129.931( 0.074)|117.516 |12.415 |141.0 |125.0| 0.982(0.008) |16.0| 0.915(0.052) | 1.0(0.02,0.011) | 0.974(0.067) |0.479(0.036) |0.952(0.3,+0.008-0.008) |0.974(0.013)| 1.0(+0.0-0.0)| 64.329(+0.185-0.185,+0.311-0.311)
 19 : 195.813( 0.072)|189.138 |6.675 |198.0 |187.0| 0.982(0.008) |11.0| 0.915(0.052) | 1.0(0.02,0.01) | 0.974(0.067) |0.449(0.029) |0.969(0.3,+0.005-0.005) |0.978(0.01)| 1.0(+0.0-0.0)| 86.458(+0.163-0.163,+0.31-0.31)
 20 : 18.752( 0.108)|18.502 |0.251 |27.0 |27.0| 0.982(0.008) |0.0| 0.915(0.052) | 1.0(0.02,0.008) | 0.974(0.067) |0.588(0.091) |0.951(0.3,+0.019-0.019) |0.982(0.008)| 1.0(+0.0-0.0)| 15.223(+0.359-0.359,+0.322-0.322)
 21 : 329.85( 0.076)|250.523 |79.327 |476.0 |340.0| 0.961(0.018) |136.0| 0.923(0.048) | 1.0(0.02,0.015) | 0.974(0.067) |0.427(0.041) |0.907(0.3,+0.038-0.038) |0.95(0.026)| 1.0(+0.0-0.0)| 179.945(+0.121-0.121,+0.314-0.314)
 22 : 462.693( 0.07)|338.916 |123.777 |607.0 |437.0| 0.961(0.018) |170.0| 0.923(0.048) | 1.0(0.02,0.015) | 0.974(0.067) |0.44(0.022) |0.871(0.3,+0.025-0.025) |0.951(0.026)| 1.0(+0.0-0.0)| 227.155(+0.108-0.108,+0.311-0.311)
 23 : 64.071( 0.081)|49.759 |14.312 |74.0 |59.0| 0.961(0.018) |15.0| 0.923(0.048) | 1.0(0.02,0.013) | 0.974(0.067) |0.488(0.05) |0.888(0.3,+0.033-0.033) |0.954(0.024)| 1.0(+0.0-0.0)| 31.453(+0.273-0.273,+0.315-0.315)
 24 : 231.919( 0.079)|177.312 |54.607 |336.0 |237.0| 0.966(0.016) |99.0| 0.93(0.03) | 1.0(0.02,0.015) | 0.974(0.067) |0.446(0.045) |0.973(0.3,+0.016-0.016) |0.955(0.02)| 1.0(+0.0-0.0)| 143.199(+0.128-0.128,+0.313-0.313)
 25 : 846.309( 0.068)|668.853 |177.456 |1056.0 |830.0| 0.966(0.016) |226.0| 0.93(0.03) | 1.0(0.02,0.013) | 0.974(0.067) |0.452(0.016) |0.893(0.3,+0.014-0.014) |0.958(0.019)| 1.0(+0.0-0.0)| 419.191(+0.078-0.078,+0.31-0.31)
 26 : 150.46( 0.073)|120.196 |30.264 |181.0 |154.0| 0.966(0.016) |27.0| 0.93(0.03) | 1.0(0.02,0.012) | 0.974(0.067) |0.461(0.033) |0.888(0.3,+0.016-0.016) |0.96(0.018)| 1.0(+0.0-0.0)| 73.13(+0.184-0.184,+0.311-0.311)
 27 : 108.361( 0.076)|97.264 |11.097 |125.0 |108.0| 0.982(0.008) |17.0| 0.915(0.052) | 1.0(0.02,0.012) | 0.974(0.067) |0.457(0.039) |0.929(0.3,+0.022-0.022) |0.973(0.014)| 1.0(+0.0-0.0)| 53.086(+0.211-0.211,+0.312-0.312)
 28 : 48.635( 0.085)|43.379 |5.256 |42.0 |39.0| 0.982(0.008) |3.0| 0.915(0.052) | 1.0(0.02,0.01) | 0.974(0.067) |0.47(0.058) |0.872(0.3,+0.03-0.03) |0.977(0.011)| 1.0(+0.0-0.0)| 17.262(+0.375-0.375,+0.315-0.315)
 29 : 29.27( 0.095)|27.99 |1.281 |31.0 |28.0| 0.982(0.008) |3.0| 0.915(0.052) | 1.0(0.02,0.011) | 0.974(0.067) |0.447(0.076) |0.943(0.3,+0.019-0.019) |0.975(0.012)| 1.0(+0.0-0.0)| 13.08(+0.426-0.426,+0.318-0.318)
 30 : 7.574( 0.149)|7.574 |0.0 |8.0 |8.0| 0.982(0.008) |0.0| 0.915(0.052) | 1.0(0.02,0.008) | 0.974(0.067) |0.544(0.144) |0.852(0.3,+0.13-0.13) |0.982(0.008)| 1.0(+0.0-0.0)| 3.735(+0.879-0.879,+0.364-0.364)
 31 : 42.463( 0.095)|29.501 |12.962 |50.0 |40.0| 0.961(0.018) |10.0| 0.923(0.048) | 1.0(0.02,0.013) | 0.974(0.067) |0.44(0.022) |0.922(0.3,+0.047-0.047) |0.954(0.024)| 1.0(+0.0-0.0)| 19.867(+0.356-0.356,+0.314-0.314)
 32 : 12.949( 0.12)|9.329 |3.62 |17.0 |12.0| 0.961(0.018) |5.0| 0.923(0.048) | 1.0(0.02,0.015) | 0.974(0.067) |0.488(0.05) |0.762(0.3,+0.126-0.126) |0.95(0.026)| 1.0(+0.0-0.0)| 6.178(+0.667-0.667,+0.338-0.338)
 33 : 56.38( 0.085)|44.868 |11.512 |91.0 |64.0| 0.966(0.016) |27.0| 0.93(0.03) | 1.0(0.02,0.015) | 0.974(0.067) |0.452(0.016) |0.948(0.3,+0.025-0.025) |0.955(0.02)| 1.0(+0.0-0.0)| 38.262(+0.249-0.249,+0.31-0.31)
 34 : 25.114( 0.099)|20.012 |5.102 |37.0 |31.0| 0.966(0.016) |6.0| 0.93(0.03) | 1.0(0.02,0.012) | 0.974(0.067) |0.461(0.033) |0.862(0.3,+0.036-0.036) |0.96(0.018)| 1.0(+0.0-0.0)| 14.501(+0.419-0.419,+0.313-0.313)
 35 : 7.778( 0.157)|7.173 |0.605 |8.0 |7.0| 0.982(0.008) |1.0| 0.915(0.052) | 1.0(0.02,0.011) | 0.974(0.067) |0.457(0.039) |0.81(0.3,+0.176-0.176) |0.974(0.013)| 1.0(+0.0-0.0)| 2.964(+0.954-0.954,+0.357-0.357)
 36 : 7.873( 0.146)|6.389 |1.485 |3.0 |3.0| 0.982(0.008) |0.0| 0.915(0.052) | 1.0(0.02,0.008) | 0.974(0.067) |0.47(0.058) |0.772(0.3,+0.077-0.077) |0.982(0.008)| 1.0(+0.0-0.0)| 1.098(+2.192-2.192,+0.323-0.323)
 37 : 3.249( 0.212)|2.99 |0.259 |3.0 |3.0| 0.982(0.008) |0.0| 0.915(0.052) | 1.0(0.02,0.008) | 0.974(0.067) |0.447(0.076) |0.838(0.3,+0.124-0.124) |0.982(0.008)| 1.0(+0.0-0.0)| 1.132(+2.125-2.125,+0.341-0.341)
 38 : 0.633( 0.464)|0.633 |0.0 |0.0 |0.0| 0.982(0.008) |0.0| 0.915(0.052) | 1.0(0.02,0.0) | 0.974(0.067) |0.544(0.144) |0.898(0.3,+0.114-0.125) |1.0(0.0)| 1.0(+0.0-0.0)| 0.0(+1.284-1.284,+0.359-0.363)
 39 : 1.736( 0.283)|1.133 |0.603 |0.0 |0.0| 0.961(0.018) |0.0| 0.923(0.048) | 1.0(0.02,0.0) | 0.974(0.067) |0.44(0.022) |0.922(0.3,+0.047-0.047) |1.0(0.0)| 1.0(+0.0-0.0)| 0.0(+1.039-1.039,+0.312-0.312)
 40 : 0.813( 0.397)|0.462 |0.351 |0.0 |0.0| 0.961(0.018) |0.0| 0.923(0.048) | 1.0(0.02,0.0) | 0.974(0.067) |0.488(0.05) |0.762(0.3,+0.126-0.126) |1.0(0.0)| 1.0(+0.0-0.0)| 0.0(+1.154-1.154,+0.336-0.336)
 41 : 3.024( 0.242)|1.521 |1.503 |3.0 |2.0| 0.966(0.016) |1.0| 0.93(0.03) | 1.0(0.02,0.016) | 0.974(0.067) |0.452(0.016) |0.948(0.3,+0.025-0.025) |0.954(0.02)| 1.0(+0.0-0.0)| 1.26(+1.375-1.375,+0.31-0.31)
 42 : 2.637( 0.234)|1.637 |0.999 |3.0 |3.0| 0.966(0.016) |0.0| 0.93(0.03) | 1.0(0.02,0.008) | 0.974(0.067) |0.461(0.033) |0.862(0.3,+0.036-0.036) |0.966(0.016)| 1.0(+0.0-0.0)| 1.183(+2.034-2.034,+0.312-0.312)
 43 : 0.0( 1.671)|0.0 |0.0 |1.0 |1.0| 0.982(0.008) |0.0| 0.915(0.052) | 1.0(0.02,0.008) | 0.974(0.067) |0.457(0.039) |0.81(0.3,+0.176-0.176) |0.982(0.008)| 1.0(+0.0-0.0)| 0.374(+5.21-5.21,+0.357-0.357)
 44 : 1.018( 0.369)|0.888 |0.129 |2.0 |2.0| 0.982(0.008) |0.0| 0.915(0.052) | 1.0(0.02,0.008) | 0.974(0.067) |0.47(0.058) |0.772(0.3,+0.077-0.077) |0.982(0.008)| 1.0(+0.0-0.0)| 0.732(+2.99-2.99,+0.323-0.323)
 45 : 0.255( 0.729)|0.255 |0.0 |0.0 |0.0| 0.982(0.008) |0.0| 0.915(0.052) | 1.0(0.02,0.0) | 0.974(0.067) |0.447(0.076) |0.838(0.3,+0.124-0.124) |1.0(0.0)| 1.0(+0.0-0.0)| 0.0(+1.055-1.055,+0.34-0.34)
 46 : 0.246( 0.73)|0.246 |0.0 |0.0 |0.0| 0.982(0.008) |0.0| 0.915(0.052) | 1.0(0.02,0.0) | 0.974(0.067) |0.544(0.144) |0.898(0.3,+0.114-0.125) |1.0(0.0)| 1.0(+0.0-0.0)| 0.0(+1.284-1.284,+0.359-0.363)

binIndex
[1, 2, 3, 4, 5, 6, 7, 8, 9, 10, 11, 12, 13, 14, 15, 16, 17, 18, 19, 20, 21, 22, 23, 24, 25, 26, 27, 28, 29, 30, 31, 32, 33, 34, 35, 36, 37, 38, 39, 40, 41, 42, 43, 44, 45, 46]
------------------------------------------------------
nMCGJ
[32145.838042894182, 2375.2008190474685, 170.1370510622414, 29619.398792302964, 6565.613275750142, 382.132363802469, 2797.825564824676, 119.19730527981335, 509.91887507843774, 21.658948553714293, 6021.873422231057, 2130.8487975302896, 182.5023393084335, 5173.582564384048, 4834.548493239421, 423.97813130399726, 918.7546143795453, 129.93063473988767, 195.81326449262488, 18.75248157966639, 329.8502337956804, 462.6928468985506, 64.07097595429623, 231.91926712297138, 846.3086766066319, 150.45982396087157, 108.36051911333332, 48.63491115286115, 29.270413339296898, 7.573540605249466, 42.462929525074244, 12.94898190868308, 56.37972702698933, 25.11392289190326, 7.777539610606702, 7.87312725005851, 3.2485717880739635, 0.6325989609143431, 1.7355649846529584, 0.8132109634723915, 3.0237824386226904, 2.6366779513104555, 0.0, 1.0175801449979256, 0.2551999364007466, 0.24619103729310718]
------------------------------------------------------
nMCerr
[0.06692860778097204, 0.06724679275387252, 0.0723381826690756, 0.06689984005315296, 0.0669635849212256, 0.06935191880079729, 0.06716921382438726, 0.07473975321407085, 0.06873178746021427, 0.10320149716113068, 0.06739296685719913, 0.0673443310933751, 0.07196712727758717, 0.06735422659463028, 0.06703366431249382, 0.06909994876306141, 0.06789789879676043, 0.07410819855908068, 0.07172619823591721, 0.10768875068667395, 0.0763224820960153, 0.06966077447596287, 0.08064524713196207, 0.07851761337530086, 0.06829190036351673, 0.07312806745197623, 0.07567590823994229, 0.08491568307433917, 0.09487642203021061, 0.1485139618905451, 0.0952505832701337, 0.12035948630175722, 0.0853801954477194, 0.09865355957196194, 0.15716141620356033, 0.14596568339258342, 0.2124552826789186, 0.464231197655197, 0.2827238602888634, 0.3973974208649088, 0.2422256436580989, 0.2339746372242446, 1.6713350459533973, 0.3692947184125185, 0.729395673691886, 0.7298797694321434]
------------------------------------------------------
nMCEBt
[24742.68953150617, 1834.1909023059457, 136.12018217523953, 23653.59756760033, 5376.310806898775, 322.71951914089385, 2496.06356790517, 108.0919370636471, 490.2203103111708, 21.01268725974549, 4563.435967735598, 1609.51702782343, 144.74210806358292, 4089.1351166464865, 3875.4074740335604, 353.62482824627637, 823.0986475226337, 117.5157953798434, 189.13820534284437, 18.501580140392253, 250.52325131234426, 338.9161524836618, 49.759265032248926, 177.3118438649044, 668.8528900088733, 120.19595268544053, 97.26359860963879, 43.37879331752742, 27.989682300301844, 7.573540605249466, 29.50058086938789, 9.329146551203717, 44.86760956349966, 20.011762064809112, 7.172558758479141, 6.388565201204093, 2.9900672704864424, 0.6325989609143431, 1.1330373991923186, 0.46213154068523066, 1.521261619546677, 1.6371934115182531, 0.0, 0.8883278862041648, 0.2551999364007466, 0.24619103729310718]
------------------------------------------------------
nMCECt
[7403.1485113880135, 541.0099167415228, 34.01686888700186, 5965.801224702635, 1189.302468851367, 59.41284466157513, 301.76199691950603, 11.105368216166246, 19.698564767266937, 0.6462612939688038, 1458.4374544954585, 521.3317697068599, 37.76023124485059, 1084.4474477375618, 959.1410192058604, 70.35330305772088, 95.65596685691166, 12.414839360044278, 6.675059149780488, 0.2509014392741365, 79.32698248333618, 123.77669441488885, 14.311710922047306, 54.60742325806696, 177.45578659775862, 30.263871275431036, 11.096920503694543, 5.256117835333737, 1.2807310389950537, 0.0, 12.962348655686354, 3.6198353574793627, 11.51211746348966, 5.102160827094149, 0.6049808521275605, 1.4845620488544171, 0.2585045175875215, 0.0, 0.6025275854606397, 0.3510794227871609, 1.502520819076013, 0.9994845397922023, 0.0, 0.12925225879376076, 0.0, 0.0]
------------------------------------------------------
Nobs
[58419.0, 3315.0, 197.0, 49428.0, 9402.0, 402.0, 3772.0, 142.0, 598.0, 27.0, 9227.0, 2687.0, 190.0, 7508.0, 6026.0, 426.0, 1048.0, 141.0, 198.0, 27.0, 476.0, 607.0, 74.0, 336.0, 1056.0, 181.0, 125.0, 42.0, 31.0, 8.0, 50.0, 17.0, 91.0, 37.0, 8.0, 3.0, 3.0, 0.0, 0.0, 0.0, 3.0, 3.0, 1.0, 2.0, 0.0, 0.0]
------------------------------------------------------
nEB
[44276.0, 2562.0, 164.0, 39072.0, 7698.0, 351.0, 3367.0, 134.0, 566.0, 27.0, 6870.0, 2065.0, 154.0, 5846.0, 4863.0, 357.0, 913.0, 125.0, 187.0, 27.0, 340.0, 437.0, 59.0, 237.0, 830.0, 154.0, 108.0, 39.0, 28.0, 8.0, 40.0, 12.0, 64.0, 31.0, 7.0, 3.0, 3.0, 0.0, 0.0, 0.0, 2.0, 3.0, 1.0, 2.0, 0.0, 0.0]
------------------------------------------------------
pEB
[0.9612409354666666, 0.9612409354666666, 0.9612409354666666, 0.9657104593263334, 0.9657104593263334, 0.9657104593263334, 0.9819289765320001, 0.9819289765320001, 0.9819289765320001, 0.9819289765320001, 0.9612409354666666, 0.9612409354666666, 0.9612409354666666, 0.9657104593263334, 0.9657104593263334, 0.9657104593263334, 0.9819289765320001, 0.9819289765320001, 0.9819289765320001, 0.9819289765320001, 0.9612409354666666, 0.9612409354666666, 0.9612409354666666, 0.9657104593263334, 0.9657104593263334, 0.9657104593263334, 0.9819289765320001, 0.9819289765320001, 0.9819289765320001, 0.9819289765320001, 0.9612409354666666, 0.9612409354666666, 0.9657104593263334, 0.9657104593263334, 0.9819289765320001, 0.9819289765320001, 0.9819289765320001, 0.9819289765320001, 0.9612409354666666, 0.9612409354666666, 0.9657104593263334, 0.9657104593263334, 0.9819289765320001, 0.9819289765320001, 0.9819289765320001, 0.9819289765320001]
------------------------------------------------------
pEBerr
[0.017907750433013472, 0.017907750433013472, 0.017907750433013472, 0.015774517454531272, 0.015774517454531272, 0.015774517454531272, 0.008181634064180276, 0.008181634064180276, 0.008181634064180276, 0.008181634064180276, 0.017907750433013472, 0.017907750433013472, 0.017907750433013472, 0.015774517454531272, 0.015774517454531272, 0.015774517454531272, 0.008181634064180276, 0.008181634064180276, 0.008181634064180276, 0.008181634064180276, 0.017907750433013472, 0.017907750433013472, 0.017907750433013472, 0.015774517454531272, 0.015774517454531272, 0.015774517454531272, 0.008181634064180276, 0.008181634064180276, 0.008181634064180276, 0.008181634064180276, 0.017907750433013472, 0.017907750433013472, 0.015774517454531272, 0.015774517454531272, 0.008181634064180276, 0.008181634064180276, 0.008181634064180276, 0.008181634064180276, 0.017907750433013472, 0.017907750433013472, 0.015774517454531272, 0.015774517454531272, 0.008181634064180276, 0.008181634064180276, 0.008181634064180276, 0.008181634064180276]
------------------------------------------------------
nEC
[14143.0, 753.0, 33.0, 10356.0, 1704.0, 51.0, 405.0, 8.0, 32.0, 0.0, 2357.0, 622.0, 36.0, 1662.0, 1163.0, 69.0, 135.0, 16.0, 11.0, 0.0, 136.0, 170.0, 15.0, 99.0, 226.0, 27.0, 17.0, 3.0, 3.0, 0.0, 10.0, 5.0, 27.0, 6.0, 1.0, 0.0, 0.0, 0.0, 0.0, 0.0, 1.0, 0.0, 0.0, 0.0, 0.0, 0.0]
------------------------------------------------------
pEC
[0.9232578112983333, 0.9232578112983333, 0.9232578112983333, 0.9296478600020001, 0.9296478600020001, 0.9296478600020001, 0.9149493319753333, 0.9149493319753333, 0.9149493319753333, 0.9149493319753333, 0.9232578112983333, 0.9232578112983333, 0.9232578112983333, 0.9296478600020001, 0.9296478600020001, 0.9296478600020001, 0.9149493319753333, 0.9149493319753333, 0.9149493319753333, 0.9149493319753333, 0.9232578112983333, 0.9232578112983333, 0.9232578112983333, 0.9296478600020001, 0.9296478600020001, 0.9296478600020001, 0.9149493319753333, 0.9149493319753333, 0.9149493319753333, 0.9149493319753333, 0.9232578112983333, 0.9232578112983333, 0.9296478600020001, 0.9296478600020001, 0.9149493319753333, 0.9149493319753333, 0.9149493319753333, 0.9149493319753333, 0.9232578112983333, 0.9232578112983333, 0.9296478600020001, 0.9296478600020001, 0.9149493319753333, 0.9149493319753333, 0.9149493319753333, 0.9149493319753333]
------------------------------------------------------
pECerr
[0.04794225565492011, 0.04794225565492011, 0.04794225565492011, 0.029582583875297493, 0.029582583875297493, 0.029582583875297493, 0.05213560787606478, 0.05213560787606478, 0.05213560787606478, 0.05213560787606478, 0.04794225565492011, 0.04794225565492011, 0.04794225565492011, 0.029582583875297493, 0.029582583875297493, 0.029582583875297493, 0.05213560787606478, 0.05213560787606478, 0.05213560787606478, 0.05213560787606478, 0.04794225565492011, 0.04794225565492011, 0.04794225565492011, 0.029582583875297493, 0.029582583875297493, 0.029582583875297493, 0.05213560787606478, 0.05213560787606478, 0.05213560787606478, 0.05213560787606478, 0.04794225565492011, 0.04794225565492011, 0.029582583875297493, 0.029582583875297493, 0.05213560787606478, 0.05213560787606478, 0.05213560787606478, 0.05213560787606478, 0.04794225565492011, 0.04794225565492011, 0.029582583875297493, 0.029582583875297493, 0.05213560787606478, 0.05213560787606478, 0.05213560787606478, 0.05213560787606478]
------------------------------------------------------
trigW
[1.0, 1.0, 1.0, 1.0, 1.0, 1.0, 1.0, 1.0, 1.0, 1.0, 1.0, 1.0, 1.0, 1.0, 1.0, 1.0, 1.0, 1.0, 1.0, 1.0, 1.0, 1.0, 1.0, 1.0, 1.0, 1.0, 1.0, 1.0, 1.0, 1.0, 1.0, 1.0, 1.0, 1.0, 1.0, 1.0, 1.0, 1.0, 1.0, 1.0, 1.0, 1.0, 1.0, 1.0, 1.0, 1.0]
------------------------------------------------------
trigWsysErr
[0.02, 0.02, 0.02, 0.02, 0.02, 0.02, 0.02, 0.02, 0.02, 0.02, 0.02, 0.02, 0.02, 0.02, 0.02, 0.02, 0.02, 0.02, 0.02, 0.02, 0.02, 0.02, 0.02, 0.02, 0.02, 0.02, 0.02, 0.02, 0.02, 0.02, 0.02, 0.02, 0.02, 0.02, 0.02, 0.02, 0.02, 0.02, 0.02, 0.02, 0.02, 0.02, 0.02, 0.02, 0.02, 0.02]
------------------------------------------------------
trigWerr
[0.014135045623170544, 0.013784339402714932, 0.012385026091370557, 0.013370611813546977, 0.012707077428206764, 0.01143128485074627, 0.010973840845705197, 0.009776424929577466, 0.0097101081270903, 0.00845451, 0.014448291774141107, 0.013886070022329737, 0.012900318631578948, 0.013648589832179009, 0.012982989981745768, 0.012255015422535211, 0.011477065963740459, 0.011117090425531917, 0.009758065, 0.00845451, 0.015158507142857144, 0.015025973426688632, 0.013210724189189189, 0.015368007053571432, 0.013476159375000001, 0.01195466320441989, 0.011645612639999999, 0.010130509285714287, 0.01072521870967742, 0.00845451, 0.013147308, 0.015355683529411765, 0.015416353186813185, 0.01225948135135135, 0.01138750875, 0.00845451, 0.00845451, 0.0, 0.0, 0.0, 0.01627584, 0.00845451, 0.00845451, 0.00845451, 0.0, 0.0]
------------------------------------------------------
SF
[0.9735319735212031, 0.9735319735212031, 0.9735319735212031, 0.9735319735212031, 0.9735319735212031, 0.9735319735212031, 0.9735319735212031, 0.9735319735212031, 0.9735319735212031, 0.9735319735212031, 0.9735319735212031, 0.9735319735212031, 0.9735319735212031, 0.9735319735212031, 0.9735319735212031, 0.9735319735212031, 0.9735319735212031, 0.9735319735212031, 0.9735319735212031, 0.9735319735212031, 0.9735319735212031, 0.9735319735212031, 0.9735319735212031, 0.9735319735212031, 0.9735319735212031, 0.9735319735212031, 0.9735319735212031, 0.9735319735212031, 0.9735319735212031, 0.9735319735212031, 0.9735319735212031, 0.9735319735212031, 0.9735319735212031, 0.9735319735212031, 0.9735319735212031, 0.9735319735212031, 0.9735319735212031, 0.9735319735212031, 0.9735319735212031, 0.9735319735212031, 0.9735319735212031, 0.9735319735212031, 0.9735319735212031, 0.9735319735212031, 0.9735319735212031, 0.9735319735212031]
------------------------------------------------------
SFerr
[0.06678948893384838, 0.06678948893384838, 0.06678948893384838, 0.06678948893384838, 0.06678948893384838, 0.06678948893384838, 0.06678948893384838, 0.06678948893384838, 0.06678948893384838, 0.06678948893384838, 0.06678948893384838, 0.06678948893384838, 0.06678948893384838, 0.06678948893384838, 0.06678948893384838, 0.06678948893384838, 0.06678948893384838, 0.06678948893384838, 0.06678948893384838, 0.06678948893384838, 0.06678948893384838, 0.06678948893384838, 0.06678948893384838, 0.06678948893384838, 0.06678948893384838, 0.06678948893384838, 0.06678948893384838, 0.06678948893384838, 0.06678948893384838, 0.06678948893384838, 0.06678948893384838, 0.06678948893384838, 0.06678948893384838, 0.06678948893384838, 0.06678948893384838, 0.06678948893384838, 0.06678948893384838, 0.06678948893384838, 0.06678948893384838, 0.06678948893384838, 0.06678948893384838, 0.06678948893384838, 0.06678948893384838, 0.06678948893384838, 0.06678948893384838, 0.06678948893384838]
------------------------------------------------------
ZgR
[0.410573193279837, 0.4001363992075326, 0.41196751782038427, 0.4101222689801954, 0.40991928594491217, 0.4258933133146216, 0.4169554144278257, 0.46241649743577756, 0.44183978645089506, 0.5291618392179029, 0.41611810934525156, 0.41277292192783793, 0.4349392148833883, 0.4213487124547413, 0.4208436039254457, 0.44058956664417276, 0.4358077166073915, 0.47880815673196986, 0.44851855161049037, 0.588003933926633, 0.4267744392098198, 0.439977074222662, 0.4884512720546057, 0.4464953429382194, 0.45198240680518004, 0.46099615391141024, 0.4573565363419736, 0.46974947139364776, 0.44663297211065456, 0.5436214477878688, 0.439977074222662, 0.4884512720546057, 0.45198240680518004, 0.46099615391141024, 0.4573565363419736, 0.46974947139364776, 0.44663297211065456, 0.5436214477878688, 0.439977074222662, 0.4884512720546057, 0.45198240680518004, 0.46099615391141024, 0.4573565363419736, 0.46974947139364776, 0.44663297211065456, 0.5436214477878688]
------------------------------------------------------
REr1
[0.0048088248374426185, 0.00873243387835626, 0.03155163339771964, 0.004214490660741108, 0.005347650713292151, 0.021073814567873272, 0.007923289886358072, 0.03743394729145077, 0.018215279137867357, 0.08579004539073697, 0.009933544395313151, 0.009579355472203493, 0.03021667207444157, 0.009472177664369736, 0.006324422547322637, 0.019905824915309553, 0.013578472866266497, 0.03568362602084555, 0.02932358938206537, 0.09110713675378124, 0.04057352856168537, 0.021809792026703464, 0.05020731056960501, 0.044616623406317654, 0.01565810901626705, 0.033230926095747224, 0.03942415190956237, 0.05836900782755543, 0.07571574441157698, 0.14438764532583762, 0.021809792026703464, 0.05020731056960501, 0.01565810901626705, 0.033230926095747224, 0.03942415190956237, 0.05836900782755543, 0.07571574441157698, 0.14438764532583762, 0.021809792026703464, 0.05020731056960501, 0.01565810901626705, 0.033230926095747224, 0.03942415190956237, 0.05836900782755543, 0.07571574441157698, 0.14438764532583762]
------------------------------------------------------
f
[0.969432907698, 0.973145158757, 0.979263771362, 0.976889210827, 0.968630268912, 0.977559820541, 0.985131528509, 0.983965826053, 0.989420643321, 0.990962172524, 0.924415581298, 0.900613686123, 0.944646618266, 0.949206308714, 0.928448449434, 0.932263077866, 0.966073435266, 0.95206802902, 0.968901223366, 0.950653869399, 0.907367595812, 0.871073319118, 0.888424582686, 0.972950074516, 0.892513261282, 0.888482999934, 0.929254115212, 0.871710694575, 0.942829884842, 0.851514476336, 0.921928773995, 0.762406001333, 0.948291436198, 0.86223639719, 0.809934607131, 0.772346396222, 0.837954268482, 0.897608048896, 0.921928773995, 0.762406001333, 0.948291436198, 0.86223639719, 0.809934607131, 0.772346396222, 0.837954268482, 0.897608048896]
------------------------------------------------------
fsysErr
[0.3, 0.3, 0.3, 0.3, 0.3, 0.3, 0.3, 0.3, 0.3, 0.3, 0.3, 0.3, 0.3, 0.3, 0.3, 0.3, 0.3, 0.3, 0.3, 0.3, 0.3, 0.3, 0.3, 0.3, 0.3, 0.3, 0.3, 0.3, 0.3, 0.3, 0.3, 0.3, 0.3, 0.3, 0.3, 0.3, 0.3, 0.3, 0.3, 0.3, 0.3, 0.3, 0.3, 0.3, 0.3, 0.3]
------------------------------------------------------
ferrUp
[0.002250200779804311, 0.003972962859578311, 0.0049004880203068635, 0.00167757407817274, 0.002384757431114161, 0.003165890683484979, 0.0020279042173623305, 0.004365766789860662, 0.0015852519632553635, 0.005836579925849714, 0.007787383961985988, 0.009812669869390639, 0.008344398899282767, 0.006063123069459132, 0.004721424548926035, 0.0072158929819024, 0.004291138046921409, 0.007853669233296907, 0.004964086894906463, 0.01885866658054425, 0.038399414046210986, 0.02546383174134997, 0.032584517665053776, 0.01571095890845592, 0.013587914068503917, 0.016126979345428533, 0.02199867618766077, 0.029982614856116467, 0.018523126276620575, 0.13040434315902827, 0.04748179544294971, 0.12551371208357517, 0.02476476642851025, 0.03636481466368751, 0.17565094320631955, 0.07720069804942994, 0.1237737145726204, 0.1140720064062878, 0.04748179544294971, 0.12551371208357517, 0.02476476642851025, 0.03636481466368751, 0.17565094320631955, 0.07720069804942994, 0.1237737145726204, 0.1140720064062878]
------------------------------------------------------
ferrDn
[0.002250200779804311, 0.003972962859578311, 0.0049004880203068635, 0.00167757407817274, 0.002384757431114161, 0.003165890683484979, 0.0020279042173623305, 0.004365766789860662, 0.0015852519632553635, 0.005836579925849714, 0.007787383961985988, 0.009812669869390639, 0.008344398899282767, 0.006063123069459132, 0.004721424548926035, 0.0072158929819024, 0.004291138046921409, 0.007853669233296907, 0.004964086894906463, 0.01885866658054425, 0.038399414046210986, 0.02546383174134997, 0.032584517665053776, 0.01571095890845592, 0.013587914068503917, 0.016126979345428533, 0.02199867618766077, 0.029982614856116467, 0.018523126276620575, 0.13040434315902827, 0.04748179544294971, 0.12551371208357517, 0.02476476642851025, 0.03636481466368751, 0.17565094320631955, 0.07720069804942994, 0.1237737145726204, 0.1254040169854159, 0.04748179544294971, 0.12551371208357517, 0.02476476642851025, 0.03636481466368751, 0.17565094320631955, 0.07720069804942994, 0.1237737145726204, 0.1254040169854159]
------------------------------------------------------
purity
[0.9520453770847577, 0.9526130945922306, 0.9548782801491286, 0.9581547362826577, 0.9591745447072455, 0.9611353534419032, 0.9747373657034077, 0.978155475430216, 0.9783447815055563, 0.9819289765320001, 0.9515382993265602, 0.9524484147250576, 0.9540441329926665, 0.9577275024700411, 0.958750485377744, 0.9598693340836597, 0.9733008734641089, 0.9743284494901089, 0.9782078851677408, 0.9819289765320001, 0.9503886142757142, 0.9506031576929983, 0.953541653540653, 0.9550848720254137, 0.957992516667906, 0.96033095555972, 0.9728197448722934, 0.9771447162065238, 0.9754470754458711, 0.9819289765320001, 0.9536443106329999, 0.9500694283583333, 0.9550105672191136, 0.9598624702467118, 0.9735565209624167, 0.9819289765320001, 0.9819289765320001, 1.0, 1.0, 1.0, 0.953689592884889, 0.9657104593263334, 0.9819289765320001, 0.9819289765320001, 1.0, 1.0]
------------------------------------------------------
pErr
[0.024959116265208102, 0.02451983453766793, 0.022772306031702994, 0.018581467569351123, 0.018200027291675285, 0.017468897827830673, 0.012611503375093324, 0.010497902781355798, 0.01038127630462894, 0.008181634064180276, 0.02535192007074285, 0.024647204653732536, 0.02341486241222907, 0.018741507832568935, 0.01835854019871413, 0.017940618519859557, 0.013504194019622124, 0.01286535138273098, 0.010465610006684842, 0.008181634064180276, 0.02624406709881337, 0.026077419230277527, 0.02380247263218483, 0.01973460960902561, 0.018642217648517735, 0.01776847360036774, 0.013803774907516988, 0.011121369624462954, 0.012171433268531977, 0.008181634064180276, 0.02372325024681718, 0.02649213593001405, 0.019762612831648367, 0.017943179387188524, 0.013345132293472797, 0.008181634064180276, 0.008181634064180276, 0.0, 0.0, 0.0, 0.020261176249524254, 0.015774517454531272, 0.008181634064180276, 0.008181634064180276, 0.0, 0.0]
------------------------------------------------------
DR
[1.0, 1.0, 1.0, 1.0, 1.0, 1.0, 1.0, 1.0, 1.0, 1.0, 1.0, 1.0, 1.0, 1.0, 1.0, 1.0, 1.0, 1.0, 1.0, 1.0, 1.0, 1.0, 1.0, 1.0, 1.0, 1.0, 1.0, 1.0, 1.0, 1.0, 1.0, 1.0, 1.0, 1.0, 1.0, 1.0, 1.0, 1.0, 1.0, 1.0, 1.0, 1.0, 1.0, 1.0, 1.0, 1.0]
------------------------------------------------------
DRup
[0.0, 0.0, 0.0, 0.0, 0.0, 0.0, 0.0, 0.0, 0.0, 0.0, 0.0, 0.0, 0.0, 0.0, 0.0, 0.0, 0.0, 0.0, 0.0, 0.0, 0.0, 0.0, 0.0, 0.0, 0.0, 0.0, 0.0, 0.0, 0.0, 0.0, 0.0, 0.0, 0.0, 0.0, 0.0, 0.0, 0.0, 0.0, 0.0, 0.0, 0.0, 0.0, 0.0, 0.0, 0.0, 0.0]
------------------------------------------------------
DRlow
[0.0, 0.0, 0.0, 0.0, 0.0, 0.0, 0.0, 0.0, 0.0, 0.0, 0.0, 0.0, 0.0, 0.0, 0.0, 0.0, 0.0, 0.0, 0.0, 0.0, 0.0, 0.0, 0.0, 0.0, 0.0, 0.0, 0.0, 0.0, 0.0, 0.0, 0.0, 0.0, 0.0, 0.0, 0.0, 0.0, 0.0, 0.0, 0.0, 0.0, 0.0, 0.0, 0.0, 0.0, 0.0, 0.0]
------------------------------------------------------
Yield
[22738.92325578985, 1263.0936340056949, 77.9518962151861, 19490.23760840633, 3678.1044641570466, 165.23595325956245, 1551.2897238318321, 64.91713582274832, 262.717307694888, 14.280361935359792, 3469.128988272145, 977.2566901996171, 76.50147115814862, 2954.053051825577, 2318.798607753964, 172.52188301188005, 441.12658540867125, 64.32855538184809, 86.45817127355502, 15.222860677649432, 179.9449337596363, 227.1550953981721, 31.45306563286311, 143.19851462024016, 419.191071079358, 73.13002269152781, 53.08618954949991, 17.262219436950637, 13.079745878187566, 3.735153567380135, 19.867060949971222, 6.178194783984559, 38.261563151556985, 14.50053980036167, 2.9635058150525855, 1.0978159489397201, 1.1324582763212159, 0.0, 0.0, 0.0, 1.2596254815976438, 1.1828825470276187, 0.3736239459734398, 0.7318772992931467, 0.0, 0.0]
------------------------------------------------------
YstatUp
[0.010629361154696298, 0.045583348005124646, 0.18005551537672357, 0.011406945991663864, 0.026362467884511683, 0.12134125328201296, 0.039590676833358714, 0.18356286266772168, 0.09308118576517674, 0.3821976553717391, 0.02768916200755313, 0.05304264606281644, 0.1801801788046007, 0.029332146230816602, 0.03347738545327695, 0.11963564899838831, 0.07338670844897334, 0.18458897478037506, 0.16275208082933698, 0.35853450708957696, 0.12124500408783014, 0.10846056499997883, 0.2734971963449775, 0.12800623545876147, 0.0775211016181018, 0.18396854741619445, 0.2106073158080767, 0.3754291690056676, 0.42567832851516646, 0.8793871631795055, 0.35591916839998006, 0.6673641362531644, 0.24932049891383667, 0.41948524772481255, 0.9544192929805342, 2.191636314238387, 2.124593329709493, 1.2838906965116974, 1.0391099809832007, 1.153593270541683, 1.3750522142280208, 2.034025530338802, 5.209809804337534, 2.9900579633962665, 1.0548294589583596, 1.2838906965116974]
------------------------------------------------------
YstatLow
[0.010629361154696298, 0.045583348005124646, 0.18005551537672357, 0.011406945991663864, 0.026362467884511683, 0.12134125328201296, 0.039590676833358714, 0.18356286266772168, 0.09308118576517674, 0.3821976553717391, 0.02768916200755313, 0.05304264606281644, 0.1801801788046007, 0.029332146230816602, 0.03347738545327695, 0.11963564899838831, 0.07338670844897334, 0.18458897478037506, 0.16275208082933698, 0.35853450708957696, 0.12124500408783014, 0.10846056499997883, 0.2734971963449775, 0.12800623545876147, 0.0775211016181018, 0.18396854741619445, 0.2106073158080767, 0.3754291690056676, 0.42567832851516646, 0.8793871631795055, 0.35591916839998006, 0.6673641362531644, 0.24932049891383667, 0.41948524772481255, 0.9544192929805342, 2.191636314238387, 2.124593329709493, 1.2838906965116974, 1.0391099809832007, 1.153593270541683, 1.3750522142280208, 2.034025530338802, 5.209809804337534, 2.9900579633962665, 1.0548294589583596, 1.2838906965116974]
------------------------------------------------------
YsysUp
[0.30937320671225, 0.30942544492315427, 0.3107286967407925, 0.3088777366785462, 0.3088492044321718, 0.3094362632610529, 0.30855664301788993, 0.310623535181637, 0.30886437532913197, 0.31998945492112774, 0.30963143811915117, 0.3095952131593464, 0.3107381310667702, 0.30907094260598283, 0.3089153929953424, 0.30948537607617516, 0.3088328203452767, 0.3106202570409677, 0.3097581309834321, 0.3219556077784843, 0.31448385244360316, 0.31127274416237555, 0.31493561499955885, 0.3126082910021234, 0.30954770677409016, 0.3109402553071114, 0.3118095666192761, 0.31526662712875264, 0.31811945884381904, 0.3644891473621984, 0.3135708342124612, 0.3377468461295617, 0.31039898627054635, 0.3126656082722802, 0.35717799672791184, 0.3230574911086839, 0.3406641455719235, 0.35877716008734545, 0.3123956205819455, 0.33635591534515347, 0.31047499753923585, 0.31242254106740347, 0.3569408512770748, 0.3230574911086839, 0.34046092610305284, 0.35877716008734545]
------------------------------------------------------
YsysLow
[0.30937320671225, 0.30942544492315427, 0.3107286967407925, 0.3088777366785462, 0.3088492044321718, 0.3094362632610529, 0.30855664301788993, 0.310623535181637, 0.30886437532913197, 0.31998945492112774, 0.30963143811915117, 0.3095952131593464, 0.3107381310667702, 0.30907094260598283, 0.3089153929953424, 0.30948537607617516, 0.3088328203452767, 0.3106202570409677, 0.3097581309834321, 0.3219556077784843, 0.31448385244360316, 0.31127274416237555, 0.31493561499955885, 0.3126082910021234, 0.30954770677409016, 0.3109402553071114, 0.3118095666192761, 0.31526662712875264, 0.31811945884381904, 0.3644891473621984, 0.3135708342124612, 0.3377468461295617, 0.31039898627054635, 0.3126656082722802, 0.35717799672791184, 0.3230574911086839, 0.3406641455719235, 0.36253937087006566, 0.3123956205819455, 0.33635591534515347, 0.31047499753923585, 0.31242254106740347, 0.3569408512770748, 0.3230574911086839, 0.34046092610305284, 0.36253937087006566]
------------------------------------------------------