 binIndex : nMCGJ( nMCerr)|nMCEBt |nMCECt |Nobs |nEB| pEB(pEBerr) |nEC| pEC(pECerr) | trigW(trigWsysErr,trigWerr) | SF(SFerr) |ZgR(REr1) |f(fsysErr,+ferrUp-ferrDn) |purity(pErr)| DR(+DRup-DRlow)| Yield(+YstatUp-YstatLow,+YsysUp-YsysLow)
 1 : 57380.463( 0.067)|45461.395 |11919.067 |37229.0 |28929.0| 0.936(0.016) |8300.0| 0.96(0.017) | 1.0(0.02,0.007) | 0.974(0.067) |0.417(0.005) |0.969(0.3,+0.002-0.002) |0.941(0.017)| 1.0(+0.0-0.0)| 14555.828(+0.013-0.013,+0.309-0.309)
 2 : 4367.79( 0.067)|3477.383 |890.407 |2201.0 |1739.0| 0.936(0.016) |462.0| 0.96(0.017) | 1.0(0.02,0.007) | 0.974(0.067) |0.409(0.009) |0.973(0.3,+0.004-0.004) |0.941(0.017)| 1.0(+0.0-0.0)| 846.274(+0.055-0.055,+0.309-0.309)
 3 : 316.989( 0.074)|261.515 |55.474 |114.0 |94.0| 0.936(0.016) |20.0| 0.96(0.017) | 1.0(0.02,0.007) | 0.974(0.067) |0.464(0.036) |0.979(0.3,+0.005-0.005) |0.94(0.017)| 1.0(+0.0-0.0)| 50.06(+0.213-0.213,+0.311-0.311)
 4 : 52946.981( 0.067)|43785.563 |9161.418 |32148.0 |25953.0| 0.953(0.011) |6195.0| 0.948(0.017) | 1.0(0.02,0.007) | 0.974(0.067) |0.429(0.004) |0.977(0.3,+0.002-0.002) |0.952(0.012)| 1.0(+0.0-0.0)| 13181.332(+0.014-0.014,+0.308-0.308)
 5 : 12171.277( 0.067)|10267.426 |1903.852 |6078.0 |5057.0| 0.953(0.011) |1021.0| 0.948(0.017) | 1.0(0.02,0.007) | 0.974(0.067) |0.42(0.006) |0.969(0.3,+0.002-0.002) |0.952(0.012)| 1.0(+0.0-0.0)| 2420.733(+0.032-0.032,+0.308-0.308)
 6 : 724.547( 0.07)|630.092 |94.455 |292.0 |252.0| 0.953(0.011) |40.0| 0.948(0.017) | 1.0(0.02,0.007) | 0.974(0.067) |0.422(0.024) |0.978(0.3,+0.003-0.003) |0.952(0.012)| 1.0(+0.0-0.0)| 117.766(+0.145-0.145,+0.309-0.309)
 7 : 5099.563( 0.067)|4673.549 |426.013 |2624.0 |2334.0| 0.97(0.007) |290.0| 0.892(0.036) | 1.0(0.02,0.006) | 0.974(0.067) |0.429(0.008) |0.985(0.3,+0.002-0.002) |0.961(0.01)| 1.0(+0.0-0.0)| 1095.699(+0.047-0.047,+0.308-0.308)
 8 : 215.807( 0.077)|202.392 |13.415 |83.0 |79.0| 0.97(0.007) |4.0| 0.892(0.036) | 1.0(0.02,0.006) | 0.974(0.067) |0.411(0.043) |0.984(0.3,+0.004-0.004) |0.966(0.008)| 1.0(+0.0-0.0)| 33.279(+0.274-0.274,+0.311-0.311)
 9 : 871.288( 0.069)|843.532 |27.755 |404.0 |384.0| 0.97(0.007) |20.0| 0.892(0.036) | 1.0(0.02,0.006) | 0.974(0.067) |0.536(0.02) |0.989(0.3,+0.002-0.002) |0.966(0.008)| 1.0(+0.0-0.0)| 212.691(+0.095-0.095,+0.309-0.309)
 10 : 33.132( 0.121)|32.846 |0.286 |18.0 |18.0| 0.97(0.007) |0.0| 0.892(0.036) | 1.0(0.02,0.006) | 0.974(0.067) |0.603(0.108) |0.991(0.3,+0.006-0.006) |0.97(0.007)| 1.0(+0.0-0.0)| 10.72(+0.425-0.425,+0.327-0.327)
 11 : 9714.747( 0.067)|7660.17 |2054.577 |6507.0 |4936.0| 0.936(0.016) |1571.0| 0.96(0.017) | 1.0(0.02,0.007) | 0.974(0.067) |0.427(0.01) |0.924(0.3,+0.008-0.008) |0.942(0.017)| 1.0(+0.0-0.0)| 2485.031(+0.032-0.032,+0.309-0.309)
 12 : 3395.385( 0.068)|2625.989 |769.396 |1752.0 |1343.0| 0.936(0.016) |409.0| 0.96(0.017) | 1.0(0.02,0.007) | 0.974(0.067) |0.397(0.011) |0.901(0.3,+0.01-0.01) |0.942(0.017)| 1.0(+0.0-0.0)| 605.793(+0.069-0.069,+0.309-0.309)
 13 : 304.372( 0.074)|250.003 |54.369 |149.0 |117.0| 0.936(0.016) |32.0| 0.96(0.017) | 1.0(0.02,0.007) | 0.974(0.067) |0.434(0.037) |0.945(0.3,+0.008-0.008) |0.941(0.017)| 1.0(+0.0-0.0)| 59.111(+0.207-0.207,+0.311-0.311)
 14 : 8332.745( 0.067)|6812.324 |1520.421 |5216.0 |4155.0| 0.953(0.011) |1061.0| 0.948(0.017) | 1.0(0.02,0.007) | 0.974(0.067) |0.419(0.01) |0.949(0.3,+0.006-0.006) |0.952(0.012)| 1.0(+0.0-0.0)| 2027.07(+0.036-0.036,+0.309-0.309)
 15 : 7722.517( 0.067)|6388.186 |1334.331 |4077.0 |3296.0| 0.953(0.011) |781.0| 0.948(0.017) | 1.0(0.02,0.007) | 0.974(0.067) |0.408(0.007) |0.928(0.3,+0.005-0.005) |0.952(0.012)| 1.0(+0.0-0.0)| 1509.174(+0.042-0.042,+0.308-0.308)
 16 : 691.341( 0.07)|591.568 |99.774 |300.0 |250.0| 0.953(0.011) |50.0| 0.948(0.017) | 1.0(0.02,0.007) | 0.974(0.067) |0.41(0.024) |0.932(0.3,+0.007-0.007) |0.952(0.012)| 1.0(+0.0-0.0)| 112.015(+0.155-0.155,+0.309-0.309)
 17 : 1498.131( 0.068)|1371.205 |126.927 |749.0 |671.0| 0.97(0.007) |78.0| 0.892(0.036) | 1.0(0.02,0.006) | 0.974(0.067) |0.391(0.016) |0.966(0.3,+0.004-0.004) |0.962(0.01)| 1.0(+0.0-0.0)| 279.315(+0.098-0.098,+0.309-0.309)
 18 : 223.613( 0.077)|205.348 |18.265 |112.0 |101.0| 0.97(0.007) |11.0| 0.892(0.036) | 1.0(0.02,0.006) | 0.974(0.067) |0.372(0.043) |0.952(0.3,+0.008-0.008) |0.962(0.009)| 1.0(+0.0-0.0)| 39.195(+0.27-0.27,+0.311-0.311)
 19 : 294.125( 0.074)|285.255 |8.87 |151.0 |142.0| 0.97(0.007) |9.0| 0.892(0.036) | 1.0(0.02,0.006) | 0.974(0.067) |0.482(0.036) |0.969(0.3,+0.005-0.005) |0.965(0.008)| 1.0(+0.0-0.0)| 69.924(+0.176-0.176,+0.31-0.31)
 20 : 37.245( 0.114)|36.101 |1.145 |13.0 |13.0| 0.97(0.007) |0.0| 0.892(0.036) | 1.0(0.02,0.006) | 0.974(0.067) |0.434(0.104) |0.951(0.3,+0.019-0.019) |0.97(0.007)| 1.0(+0.0-0.0)| 5.344(+0.744-0.744,+0.326-0.326)
 21 : 511.782( 0.077)|389.134 |122.649 |397.0 |292.0| 0.936(0.016) |105.0| 0.96(0.017) | 1.0(0.02,0.007) | 0.974(0.067) |0.466(0.043) |0.907(0.3,+0.038-0.038) |0.942(0.017)| 1.0(+0.0-0.0)| 162.432(+0.123-0.123,+0.314-0.314)
 22 : 656.36( 0.071)|497.512 |158.847 |429.0 |325.0| 0.936(0.016) |104.0| 0.96(0.017) | 1.0(0.02,0.007) | 0.974(0.067) |0.403(0.026) |0.871(0.3,+0.025-0.025) |0.942(0.017)| 1.0(+0.0-0.0)| 145.663(+0.142-0.142,+0.311-0.311)
 23 : 92.224( 0.088)|72.22 |20.005 |48.0 |42.0| 0.936(0.016) |6.0| 0.96(0.017) | 1.0(0.02,0.007) | 0.974(0.067) |0.445(0.066) |0.888(0.3,+0.033-0.033) |0.939(0.017)| 1.0(+0.0-0.0)| 18.312(+0.378-0.378,+0.317-0.317)
 24 : 379.783( 0.079)|297.305 |82.478 |286.0 |224.0| 0.953(0.011) |62.0| 0.948(0.017) | 1.0(0.02,0.007) | 0.974(0.067) |0.443(0.047) |0.973(0.3,+0.016-0.016) |0.952(0.012)| 1.0(+0.0-0.0)| 120.597(+0.14-0.14,+0.312-0.312)
 25 : 1228.665( 0.069)|1000.315 |228.351 |766.0 |609.0| 0.953(0.011) |157.0| 0.948(0.017) | 1.0(0.02,0.007) | 0.974(0.067) |0.4(0.019) |0.893(0.3,+0.014-0.014) |0.952(0.012)| 1.0(+0.0-0.0)| 267.177(+0.104-0.104,+0.309-0.309)
 26 : 219.523( 0.077)|181.307 |38.216 |102.0 |81.0| 0.953(0.011) |21.0| 0.948(0.017) | 1.0(0.02,0.007) | 0.974(0.067) |0.402(0.043) |0.888(0.3,+0.016-0.016) |0.952(0.012)| 1.0(+0.0-0.0)| 35.637(+0.283-0.283,+0.312-0.312)
 27 : 158.671( 0.08)|146.953 |11.718 |91.0 |78.0| 0.97(0.007) |13.0| 0.892(0.036) | 1.0(0.02,0.007) | 0.974(0.067) |0.36(0.048) |0.929(0.3,+0.022-0.022) |0.959(0.011)| 1.0(+0.0-0.0)| 30.018(+0.318-0.318,+0.313-0.313)
 28 : 68.697( 0.095)|61.84 |6.857 |26.0 |23.0| 0.97(0.007) |3.0| 0.892(0.036) | 1.0(0.02,0.006) | 0.974(0.067) |0.35(0.077) |0.872(0.3,+0.03-0.03) |0.961(0.01)| 1.0(+0.0-0.0)| 7.838(+0.651-0.651,+0.319-0.319)
 29 : 40.481( 0.11)|38.764 |1.717 |16.0 |14.0| 0.97(0.007) |2.0| 0.892(0.036) | 1.0(0.02,0.007) | 0.974(0.067) |0.388(0.098) |0.943(0.3,+0.019-0.019) |0.96(0.01)| 1.0(+0.0-0.0)| 5.777(+0.692-0.692,+0.324-0.324)
 30 : 10.347( 0.195)|10.061 |0.286 |4.0 |4.0| 0.97(0.007) |0.0| 0.892(0.036) | 1.0(0.02,0.006) | 0.974(0.067) |0.408(0.205) |0.852(0.3,+0.13-0.13) |0.97(0.007)| 1.0(+0.0-0.0)| 1.385(+1.881-1.881,+0.392-0.392)
 31 : 51.624( 0.113)|41.041 |10.583 |35.0 |29.0| 0.936(0.016) |6.0| 0.96(0.017) | 1.0(0.02,0.007) | 0.974(0.067) |0.403(0.026) |0.922(0.3,+0.047-0.047) |0.94(0.017)| 1.0(+0.0-0.0)| 12.555(+0.471-0.471,+0.313-0.313)
 32 : 15.931( 0.154)|12.842 |3.089 |12.0 |12.0| 0.936(0.016) |0.0| 0.96(0.017) | 1.0(0.02,0.006) | 0.974(0.067) |0.445(0.066) |0.762(0.3,+0.126-0.126) |0.936(0.016)| 1.0(+0.0-0.0)| 3.916(+0.982-0.982,+0.34-0.34)
 33 : 84.106( 0.093)|67.206 |16.9 |68.0 |49.0| 0.953(0.011) |19.0| 0.948(0.017) | 1.0(0.02,0.008) | 0.974(0.067) |0.4(0.019) |0.948(0.3,+0.025-0.025) |0.952(0.013)| 1.0(+0.0-0.0)| 25.192(+0.327-0.327,+0.31-0.31)
 34 : 33.535( 0.118)|26.827 |6.708 |14.0 |12.0| 0.953(0.011) |2.0| 0.948(0.017) | 1.0(0.02,0.007) | 0.974(0.067) |0.402(0.043) |0.862(0.3,+0.036-0.036) |0.952(0.012)| 1.0(+0.0-0.0)| 4.748(+0.788-0.788,+0.313-0.313)
 35 : 9.405( 0.193)|7.694 |1.711 |10.0 |9.0| 0.97(0.007) |1.0| 0.892(0.036) | 1.0(0.02,0.006) | 0.974(0.067) |0.36(0.048) |0.81(0.3,+0.176-0.176) |0.962(0.009)| 1.0(+0.0-0.0)| 2.885(+1.096-1.096,+0.358-0.358)
 36 : 10.614( 0.184)|9.469 |1.145 |8.0 |8.0| 0.97(0.007) |0.0| 0.892(0.036) | 1.0(0.02,0.006) | 0.974(0.067) |0.35(0.077) |0.772(0.3,+0.077-0.077) |0.97(0.007)| 1.0(+0.0-0.0)| 2.157(+1.523-1.523,+0.327-0.327)
 37 : 1.766( 0.425)|1.48 |0.286 |2.0 |2.0| 0.97(0.007) |0.0| 0.892(0.036) | 1.0(0.02,0.006) | 0.974(0.067) |0.388(0.098) |0.838(0.3,+0.124-0.124) |0.97(0.007)| 1.0(+0.0-0.0)| 0.648(+3.376-3.376,+0.346-0.346)
 38 : 0.888( 0.597)|0.888 |0.0 |4.0 |4.0| 0.97(0.007) |0.0| 0.892(0.036) | 1.0(0.02,0.006) | 0.974(0.067) |0.408(0.205) |0.898(0.3,+0.114-0.125) |0.97(0.007)| 1.0(+0.0-0.0)| 1.46(+1.785-1.785,+0.387-0.391)
 39 : 1.454( 0.464)|0.883 |0.571 |1.0 |0.0| 0.936(0.016) |1.0| 0.96(0.017) | 1.0(0.02,0.012) | 0.974(0.067) |0.403(0.026) |0.922(0.3,+0.047-0.047) |0.96(0.017)| 1.0(+0.0-0.0)| 0.366(+5.312-5.312,+0.313-0.313)
 40 : 1.757( 0.425)|1.474 |0.282 |0.0 |0.0| 0.936(0.016) |0.0| 0.96(0.017) | 1.0(0.02,0.0) | 0.974(0.067) |0.445(0.066) |0.762(0.3,+0.126-0.126) |1.0(0.0)| 1.0(+0.0-0.0)| 0.0(+1.051-1.051,+0.339-0.339)
 41 : 2.551( 0.378)|1.985 |0.566 |2.0 |2.0| 0.953(0.011) |0.0| 0.948(0.017) | 1.0(0.02,0.006) | 0.974(0.067) |0.4(0.019) |0.948(0.3,+0.025-0.025) |0.953(0.011)| 1.0(+0.0-0.0)| 0.742(+2.95-2.95,+0.31-0.31)
 42 : 5.308( 0.251)|5.308 |0.0 |4.0 |3.0| 0.953(0.011) |1.0| 0.948(0.017) | 1.0(0.02,0.007) | 0.974(0.067) |0.402(0.043) |0.862(0.3,+0.036-0.036) |0.952(0.012)| 1.0(+0.0-0.0)| 1.356(+1.475-1.475,+0.313-0.313)
 43 : 0.296( 1.029)|0.296 |0.0 |0.0 |0.0| 0.97(0.007) |0.0| 0.892(0.036) | 1.0(0.02,0.0) | 0.974(0.067) |0.36(0.048) |0.81(0.3,+0.176-0.176) |1.0(0.0)| 1.0(+0.0-0.0)| 0.0(+0.851-0.851,+0.358-0.358)
 44 : 1.174( 0.518)|0.888 |0.286 |2.0 |2.0| 0.97(0.007) |0.0| 0.892(0.036) | 1.0(0.02,0.006) | 0.974(0.067) |0.35(0.077) |0.772(0.3,+0.077-0.077) |0.97(0.007)| 1.0(+0.0-0.0)| 0.539(+4.059-4.059,+0.327-0.327)
 45 : 0.0( 1.671)|0.0 |0.0 |0.0 |0.0| 0.97(0.007) |0.0| 0.892(0.036) | 1.0(0.02,0.0) | 0.974(0.067) |0.388(0.098) |0.838(0.3,+0.124-0.124) |1.0(0.0)| 1.0(+0.0-0.0)| 0.0(+0.917-0.917,+0.346-0.346)
 46 : 0.296( 1.029)|0.296 |0.0 |0.0 |0.0| 0.97(0.007) |0.0| 0.892(0.036) | 1.0(0.02,0.0) | 0.974(0.067) |0.408(0.205) |0.898(0.3,+0.114-0.125) |1.0(0.0)| 1.0(+0.0-0.0)| 0.0(+0.964-0.964,+0.387-0.391)

binIndex
[1, 2, 3, 4, 5, 6, 7, 8, 9, 10, 11, 12, 13, 14, 15, 16, 17, 18, 19, 20, 21, 22, 23, 24, 25, 26, 27, 28, 29, 30, 31, 32, 33, 34, 35, 36, 37, 38, 39, 40, 41, 42, 43, 44, 45, 46]
------------------------------------------------------
nMCGJ
[57380.462526495576, 4367.790115377005, 316.9888602280899, 52946.98099053615, 12171.277464754185, 724.5470263935705, 5099.562769531447, 215.80703551330504, 871.2877587691542, 33.131889624498314, 9714.747200817008, 3395.384741990437, 304.37216593959283, 8332.745319149954, 7722.516985240754, 691.3414358581314, 1498.13135747555, 223.61261381984693, 294.1252763616382, 37.245290049946014, 511.78244892599344, 656.3595753719895, 92.22425167347363, 379.7831787857863, 1228.6654215674275, 219.52297839250866, 158.67102272222508, 68.6967378199418, 40.480736443557355, 10.346999343443539, 51.62399907944503, 15.930591714530518, 84.10571132546565, 33.534719022809426, 9.40493551395401, 10.613520033752927, 1.7656770297995321, 0.8877229979631731, 1.4540276177215892, 1.756851815247315, 2.551230476880118, 5.308100557264827, 0.29590766598772433, 1.1738616978240834, 0.0, 0.29590766598772433]
------------------------------------------------------
nMCerr
[0.06691789770527838, 0.06734178545909779, 0.07376646753713721, 0.06688681230846692, 0.06699480361408432, 0.0699541912435724, 0.06726218116992505, 0.07714010804056166, 0.06948631998077086, 0.12059835055101181, 0.06738947517975528, 0.06752472369861151, 0.07404942558077836, 0.06734758033365985, 0.067116619433582, 0.07010058636758913, 0.06836273667286732, 0.07664774798011048, 0.07440403938804724, 0.11387817813192153, 0.07695597356141848, 0.07086512970089978, 0.08839176126564764, 0.07901370618480931, 0.06890171308100035, 0.07676853106321073, 0.0803416494284715, 0.0952100108986182, 0.11028487439183142, 0.1950888418269786, 0.11307795745253202, 0.15379301768495096, 0.09342258772167965, 0.11820270345615162, 0.19349393864695488, 0.1837736284022035, 0.42466475609392657, 0.5967961498515567, 0.4642547187888082, 0.4246857304859153, 0.37829814982214827, 0.2511567317120813, 1.0293567223119668, 0.5179712808826052, 1.6713350459533973, 1.0293567223119668]
------------------------------------------------------
nMCEBt
[45461.395249846224, 3477.382872075137, 261.51480710299643, 43785.56282896232, 10267.4255862508, 630.0924879603369, 4673.549345715619, 202.3917692980629, 843.5323048826459, 32.84575092463741, 7660.170255954338, 2625.9886223889216, 250.00304580214794, 6812.323885873885, 6388.185689560577, 591.5676128544145, 1371.204855685071, 205.3478294809447, 285.25497666595, 36.100735250502375, 389.1338850832013, 497.5121347029369, 72.21956086201786, 297.3051426985248, 1000.3149212649952, 181.3066812990873, 146.9532640232207, 61.8401805803872, 38.76390424439189, 10.060860643582629, 41.04125704527269, 12.841584184280133, 67.20570575752568, 26.826753130185875, 7.693519238382939, 9.468965234309286, 1.4795383299386218, 0.8877229979631731, 0.8829286308734102, 1.4744115840355725, 1.985080325068798, 5.308100557264827, 0.29590766598772433, 0.8877229979631731, 0.0, 0.29590766598772433]
------------------------------------------------------
nMCECt
[11919.067276649354, 890.4072433018682, 55.47405312509347, 9161.418161573829, 1903.8518785033841, 94.45453843323361, 426.0134238158285, 13.415266215242147, 27.755453886508306, 0.2861386998609104, 2054.5769448626706, 769.396119601515, 54.36912013744493, 1520.421433276068, 1334.3312956801774, 99.77382300371687, 126.92650179047891, 18.26478433890223, 8.870299695688221, 1.1445547994436416, 122.6485638427922, 158.84744066905256, 20.004690811455767, 82.47803608726153, 228.35050030243235, 38.21629709342138, 11.7177586990044, 6.856557239554594, 1.7168321991654623, 0.2861386998609104, 10.58274203417234, 3.089007530250383, 16.900005567939967, 6.707965892623552, 1.71141627557107, 1.1445547994436416, 0.2861386998609104, 0.0, 0.571098986848179, 0.28244023121174233, 0.5661501518113198, 0.0, 0.0, 0.2861386998609104, 0.0, 0.0]
------------------------------------------------------
Nobs
[37229.0, 2201.0, 114.0, 32148.0, 6078.0, 292.0, 2624.0, 83.0, 404.0, 18.0, 6507.0, 1752.0, 149.0, 5216.0, 4077.0, 300.0, 749.0, 112.0, 151.0, 13.0, 397.0, 429.0, 48.0, 286.0, 766.0, 102.0, 91.0, 26.0, 16.0, 4.0, 35.0, 12.0, 68.0, 14.0, 10.0, 8.0, 2.0, 4.0, 1.0, 0.0, 2.0, 4.0, 0.0, 2.0, 0.0, 0.0]
------------------------------------------------------
nEB
[28929.0, 1739.0, 94.0, 25953.0, 5057.0, 252.0, 2334.0, 79.0, 384.0, 18.0, 4936.0, 1343.0, 117.0, 4155.0, 3296.0, 250.0, 671.0, 101.0, 142.0, 13.0, 292.0, 325.0, 42.0, 224.0, 609.0, 81.0, 78.0, 23.0, 14.0, 4.0, 29.0, 12.0, 49.0, 12.0, 9.0, 8.0, 2.0, 4.0, 0.0, 0.0, 2.0, 3.0, 0.0, 2.0, 0.0, 0.0]
------------------------------------------------------
pEB
[0.935941864678, 0.935941864678, 0.935941864678, 0.9528332801676668, 0.9528332801676668, 0.9528332801676668, 0.9698275681449999, 0.9698275681449999, 0.9698275681449999, 0.9698275681449999, 0.935941864678, 0.935941864678, 0.935941864678, 0.9528332801676668, 0.9528332801676668, 0.9528332801676668, 0.9698275681449999, 0.9698275681449999, 0.9698275681449999, 0.9698275681449999, 0.935941864678, 0.935941864678, 0.935941864678, 0.9528332801676668, 0.9528332801676668, 0.9528332801676668, 0.9698275681449999, 0.9698275681449999, 0.9698275681449999, 0.9698275681449999, 0.935941864678, 0.935941864678, 0.9528332801676668, 0.9528332801676668, 0.9698275681449999, 0.9698275681449999, 0.9698275681449999, 0.9698275681449999, 0.935941864678, 0.935941864678, 0.9528332801676668, 0.9528332801676668, 0.9698275681449999, 0.9698275681449999, 0.9698275681449999, 0.9698275681449999]
------------------------------------------------------
pEBerr
[0.016481122146733865, 0.016481122146733865, 0.016481122146733865, 0.01100477066441423, 0.01100477066441423, 0.01100477066441423, 0.006700851348688687, 0.006700851348688687, 0.006700851348688687, 0.006700851348688687, 0.016481122146733865, 0.016481122146733865, 0.016481122146733865, 0.01100477066441423, 0.01100477066441423, 0.01100477066441423, 0.006700851348688687, 0.006700851348688687, 0.006700851348688687, 0.006700851348688687, 0.016481122146733865, 0.016481122146733865, 0.016481122146733865, 0.01100477066441423, 0.01100477066441423, 0.01100477066441423, 0.006700851348688687, 0.006700851348688687, 0.006700851348688687, 0.006700851348688687, 0.016481122146733865, 0.016481122146733865, 0.01100477066441423, 0.01100477066441423, 0.006700851348688687, 0.006700851348688687, 0.006700851348688687, 0.006700851348688687, 0.016481122146733865, 0.016481122146733865, 0.01100477066441423, 0.01100477066441423, 0.006700851348688687, 0.006700851348688687, 0.006700851348688687, 0.006700851348688687]
------------------------------------------------------
nEC
[8300.0, 462.0, 20.0, 6195.0, 1021.0, 40.0, 290.0, 4.0, 20.0, 0.0, 1571.0, 409.0, 32.0, 1061.0, 781.0, 50.0, 78.0, 11.0, 9.0, 0.0, 105.0, 104.0, 6.0, 62.0, 157.0, 21.0, 13.0, 3.0, 2.0, 0.0, 6.0, 0.0, 19.0, 2.0, 1.0, 0.0, 0.0, 0.0, 1.0, 0.0, 0.0, 1.0, 0.0, 0.0, 0.0, 0.0]
------------------------------------------------------
pEC
[0.9603043977869999, 0.9603043977869999, 0.9603043977869999, 0.948359821654, 0.948359821654, 0.948359821654, 0.8919489522903333, 0.8919489522903333, 0.8919489522903333, 0.8919489522903333, 0.9603043977869999, 0.9603043977869999, 0.9603043977869999, 0.948359821654, 0.948359821654, 0.948359821654, 0.8919489522903333, 0.8919489522903333, 0.8919489522903333, 0.8919489522903333, 0.9603043977869999, 0.9603043977869999, 0.9603043977869999, 0.948359821654, 0.948359821654, 0.948359821654, 0.8919489522903333, 0.8919489522903333, 0.8919489522903333, 0.8919489522903333, 0.9603043977869999, 0.9603043977869999, 0.948359821654, 0.948359821654, 0.8919489522903333, 0.8919489522903333, 0.8919489522903333, 0.8919489522903333, 0.9603043977869999, 0.9603043977869999, 0.948359821654, 0.948359821654, 0.8919489522903333, 0.8919489522903333, 0.8919489522903333, 0.8919489522903333]
------------------------------------------------------
pECerr
[0.01667440668490169, 0.01667440668490169, 0.01667440668490169, 0.016930112124528423, 0.016930112124528423, 0.016930112124528423, 0.03604156077892064, 0.03604156077892064, 0.03604156077892064, 0.03604156077892064, 0.01667440668490169, 0.01667440668490169, 0.01667440668490169, 0.016930112124528423, 0.016930112124528423, 0.016930112124528423, 0.03604156077892064, 0.03604156077892064, 0.03604156077892064, 0.03604156077892064, 0.01667440668490169, 0.01667440668490169, 0.01667440668490169, 0.016930112124528423, 0.016930112124528423, 0.016930112124528423, 0.03604156077892064, 0.03604156077892064, 0.03604156077892064, 0.03604156077892064, 0.01667440668490169, 0.01667440668490169, 0.016930112124528423, 0.016930112124528423, 0.03604156077892064, 0.03604156077892064, 0.03604156077892064, 0.03604156077892064, 0.01667440668490169, 0.01667440668490169, 0.016930112124528423, 0.016930112124528423, 0.03604156077892064, 0.03604156077892064, 0.03604156077892064, 0.03604156077892064]
------------------------------------------------------
trigW
[1.0, 1.0, 1.0, 1.0, 1.0, 1.0, 1.0, 1.0, 1.0, 1.0, 1.0, 1.0, 1.0, 1.0, 1.0, 1.0, 1.0, 1.0, 1.0, 1.0, 1.0, 1.0, 1.0, 1.0, 1.0, 1.0, 1.0, 1.0, 1.0, 1.0, 1.0, 1.0, 1.0, 1.0, 1.0, 1.0, 1.0, 1.0, 1.0, 1.0, 1.0, 1.0, 1.0, 1.0, 1.0, 1.0]
------------------------------------------------------
trigWsysErr
[0.02, 0.02, 0.02, 0.02, 0.02, 0.02, 0.02, 0.02, 0.02, 0.02, 0.02, 0.02, 0.02, 0.02, 0.02, 0.02, 0.02, 0.02, 0.02, 0.02, 0.02, 0.02, 0.02, 0.02, 0.02, 0.02, 0.02, 0.02, 0.02, 0.02, 0.02, 0.02, 0.02, 0.02, 0.02, 0.02, 0.02, 0.02, 0.02, 0.02, 0.02, 0.02, 0.02, 0.02, 0.02, 0.02]
------------------------------------------------------
trigWerr
[0.007198224940771979, 0.0071122370377101314, 0.006884960701754386, 0.006998802685703621, 0.006835796127015465, 0.006631397808219177, 0.006456861935975609, 0.006045873734939759, 0.006054526534653466, 0.00572808, 0.007320137725526357, 0.007267484098173516, 0.00714428832214765, 0.0070694272814417185, 0.006991284763306352, 0.0068271166666666674, 0.006414794499332443, 0.006375726607142857, 0.00612111298013245, 0.00572808, 0.007472143224181359, 0.007326678787878788, 0.006552357499999999, 0.007157596223776224, 0.00707963684073107, 0.007085713529411765, 0.006670111428571429, 0.006488951538461538, 0.006552357500000001, 0.00572808, 0.0068585177142857145, 0.00572808, 0.007570582647058823, 0.006670111428571429, 0.006387501999999999, 0.00572808, 0.00572808, 0.00572808, 0.0123223, 0.0, 0.00572808, 0.0073766349999999994, 0.0, 0.00572808, 0.0, 0.0]
------------------------------------------------------
SF
[0.9735319735212031, 0.9735319735212031, 0.9735319735212031, 0.9735319735212031, 0.9735319735212031, 0.9735319735212031, 0.9735319735212031, 0.9735319735212031, 0.9735319735212031, 0.9735319735212031, 0.9735319735212031, 0.9735319735212031, 0.9735319735212031, 0.9735319735212031, 0.9735319735212031, 0.9735319735212031, 0.9735319735212031, 0.9735319735212031, 0.9735319735212031, 0.9735319735212031, 0.9735319735212031, 0.9735319735212031, 0.9735319735212031, 0.9735319735212031, 0.9735319735212031, 0.9735319735212031, 0.9735319735212031, 0.9735319735212031, 0.9735319735212031, 0.9735319735212031, 0.9735319735212031, 0.9735319735212031, 0.9735319735212031, 0.9735319735212031, 0.9735319735212031, 0.9735319735212031, 0.9735319735212031, 0.9735319735212031, 0.9735319735212031, 0.9735319735212031, 0.9735319735212031, 0.9735319735212031, 0.9735319735212031, 0.9735319735212031, 0.9735319735212031, 0.9735319735212031]
------------------------------------------------------
SFerr
[0.06678948893384838, 0.06678948893384838, 0.06678948893384838, 0.06678948893384838, 0.06678948893384838, 0.06678948893384838, 0.06678948893384838, 0.06678948893384838, 0.06678948893384838, 0.06678948893384838, 0.06678948893384838, 0.06678948893384838, 0.06678948893384838, 0.06678948893384838, 0.06678948893384838, 0.06678948893384838, 0.06678948893384838, 0.06678948893384838, 0.06678948893384838, 0.06678948893384838, 0.06678948893384838, 0.06678948893384838, 0.06678948893384838, 0.06678948893384838, 0.06678948893384838, 0.06678948893384838, 0.06678948893384838, 0.06678948893384838, 0.06678948893384838, 0.06678948893384838, 0.06678948893384838, 0.06678948893384838, 0.06678948893384838, 0.06678948893384838, 0.06678948893384838, 0.06678948893384838, 0.06678948893384838, 0.06678948893384838, 0.06678948893384838, 0.06678948893384838, 0.06678948893384838, 0.06678948893384838, 0.06678948893384838, 0.06678948893384838, 0.06678948893384838, 0.06678948893384838]
------------------------------------------------------
ZgR
[0.4170864589545934, 0.4087408542399816, 0.46430938694257506, 0.42922638616186, 0.4204400327900111, 0.4218004421827084, 0.42929945002924985, 0.41063075221382156, 0.5362559202452053, 0.6032554207582685, 0.42703587527360815, 0.3969371863788795, 0.4344050381127778, 0.4187151946358454, 0.40772280927891186, 0.4095330906093424, 0.39075577180266885, 0.3719129365953437, 0.482068734608948, 0.43405262400470024, 0.46582017143846144, 0.4029078922966719, 0.44522075956156015, 0.4432578921259707, 0.3996756468038131, 0.4021646536087111, 0.36047322375892643, 0.3503962097806783, 0.38830921809614266, 0.4081944596230347, 0.4029078922966719, 0.44522075956156015, 0.3996756468038131, 0.4021646536087111, 0.36047322375892643, 0.3503962097806783, 0.38830921809614266, 0.4081944596230347, 0.4029078922966719, 0.44522075956156015, 0.3996756468038131, 0.4021646536087111, 0.36047322375892643, 0.3503962097806783, 0.38830921809614266, 0.4081944596230347]
------------------------------------------------------
REr1
[0.004619266392589224, 0.009363456692887892, 0.0357716088325467, 0.003947871889396986, 0.005629657368809095, 0.023787424982280408, 0.008443868158515423, 0.043239973964621314, 0.020413009771206744, 0.10837308204186438, 0.010018099228211166, 0.010873716815249531, 0.036762414713362744, 0.009508644102358778, 0.0071670082155732, 0.024372580243528445, 0.015710929089245557, 0.04266609141859966, 0.03595009351302668, 0.10384218853213903, 0.04313672938228561, 0.026062615357669714, 0.06603280433541908, 0.046751142288849065, 0.018512730763375118, 0.0432436072354735, 0.048475235580279115, 0.07716596223932108, 0.09795345975597987, 0.2048355635539719, 0.026062615357669714, 0.06603280433541908, 0.018512730763375118, 0.0432436072354735, 0.048475235580279115, 0.07716596223932108, 0.09795345975597987, 0.2048355635539719, 0.026062615357669714, 0.06603280433541908, 0.018512730763375118, 0.0432436072354735, 0.048475235580279115, 0.07716596223932108, 0.09795345975597987, 0.2048355635539719]
------------------------------------------------------
f
[0.969432907698, 0.973145158757, 0.979263771362, 0.976889210827, 0.968630268912, 0.977559820541, 0.985131528509, 0.983965826053, 0.989420643321, 0.990962172524, 0.924415581298, 0.900613686123, 0.944646618266, 0.949206308714, 0.928448449434, 0.932263077866, 0.966073435266, 0.95206802902, 0.968901223366, 0.950653869399, 0.907367595812, 0.871073319118, 0.888424582686, 0.972950074516, 0.892513261282, 0.888482999934, 0.929254115212, 0.871710694575, 0.942829884842, 0.851514476336, 0.921928773995, 0.762406001333, 0.948291436198, 0.86223639719, 0.809934607131, 0.772346396222, 0.837954268482, 0.897608048896, 0.921928773995, 0.762406001333, 0.948291436198, 0.86223639719, 0.809934607131, 0.772346396222, 0.837954268482, 0.897608048896]
------------------------------------------------------
fsysErr
[0.3, 0.3, 0.3, 0.3, 0.3, 0.3, 0.3, 0.3, 0.3, 0.3, 0.3, 0.3, 0.3, 0.3, 0.3, 0.3, 0.3, 0.3, 0.3, 0.3, 0.3, 0.3, 0.3, 0.3, 0.3, 0.3, 0.3, 0.3, 0.3, 0.3, 0.3, 0.3, 0.3, 0.3, 0.3, 0.3, 0.3, 0.3, 0.3, 0.3, 0.3, 0.3, 0.3, 0.3, 0.3, 0.3]
------------------------------------------------------
ferrUp
[0.002250200779804311, 0.003972962859578311, 0.0049004880203068635, 0.00167757407817274, 0.002384757431114161, 0.003165890683484979, 0.0020279042173623305, 0.004365766789860662, 0.0015852519632553635, 0.005836579925849714, 0.007787383961985988, 0.009812669869390639, 0.008344398899282767, 0.006063123069459132, 0.004721424548926035, 0.0072158929819024, 0.004291138046921409, 0.007853669233296907, 0.004964086894906463, 0.01885866658054425, 0.038399414046210986, 0.02546383174134997, 0.032584517665053776, 0.01571095890845592, 0.013587914068503917, 0.016126979345428533, 0.02199867618766077, 0.029982614856116467, 0.018523126276620575, 0.13040434315902827, 0.04748179544294971, 0.12551371208357517, 0.02476476642851025, 0.03636481466368751, 0.17565094320631955, 0.07720069804942994, 0.1237737145726204, 0.1140720064062878, 0.04748179544294971, 0.12551371208357517, 0.02476476642851025, 0.03636481466368751, 0.17565094320631955, 0.07720069804942994, 0.1237737145726204, 0.1140720064062878]
------------------------------------------------------
ferrDn
[0.002250200779804311, 0.003972962859578311, 0.0049004880203068635, 0.00167757407817274, 0.002384757431114161, 0.003165890683484979, 0.0020279042173623305, 0.004365766789860662, 0.0015852519632553635, 0.005836579925849714, 0.007787383961985988, 0.009812669869390639, 0.008344398899282767, 0.006063123069459132, 0.004721424548926035, 0.0072158929819024, 0.004291138046921409, 0.007853669233296907, 0.004964086894906463, 0.01885866658054425, 0.038399414046210986, 0.02546383174134997, 0.032584517665053776, 0.01571095890845592, 0.013587914068503917, 0.016126979345428533, 0.02199867618766077, 0.029982614856116467, 0.018523126276620575, 0.13040434315902827, 0.04748179544294971, 0.12551371208357517, 0.02476476642851025, 0.03636481466368751, 0.17565094320631955, 0.07720069804942994, 0.1237737145726204, 0.1254040169854159, 0.04748179544294971, 0.12551371208357517, 0.02476476642851025, 0.03636481466368751, 0.17565094320631955, 0.07720069804942994, 0.1237737145726204, 0.1254040169854159]
------------------------------------------------------
purity
[0.9413733569234188, 0.9410556721729378, 0.940215993293614, 0.9519712335242623, 0.9520818156822352, 0.9522204776315479, 0.9612205564842328, 0.9660743818387509, 0.9659721911224918, 0.9698275681449999, 0.9418237671698146, 0.9416292368478523, 0.9411740865537583, 0.9519233224446988, 0.9519763336140308, 0.9520877037487222, 0.9617173785099344, 0.9621787755164167, 0.9651857963390926, 0.9698275681449999, 0.9423853558025466, 0.9418479333104848, 0.938987181316625, 0.9518635094409278, 0.9519163963730902, 0.9519122740030883, 0.9587020515943333, 0.960841574007923, 0.9600927411631666, 0.9698275681449999, 0.9401182989252571, 0.935941864678, 0.9515833432300246, 0.9521942146657143, 0.9620397065595332, 0.9698275681449999, 0.9698275681449999, 0.9698275681449999, 0.9603043977869999, 1.0, 0.9528332801676668, 0.95171491553925, 1.0, 0.9698275681449999, 1.0, 1.0]
------------------------------------------------------
pErr
[0.016525080442887984, 0.01652252331992598, 0.01651575621763395, 0.012142267126961207, 0.011996235475192749, 0.011813170379758207, 0.009709848159091572, 0.008006366580962527, 0.00804205465939087, 0.006700851348688687, 0.01652870294941314, 0.016527138828984374, 0.016523476668307415, 0.012205547669891492, 0.012135531347246374, 0.011988460813306233, 0.009534695296936789, 0.00937219339549606, 0.00831694025887554, 0.006700851348688687, 0.016533214778056648, 0.016528897212071424, 0.016505831215680705, 0.012284557112853603, 0.012214696092847786, 0.012220141260644286, 0.01060053083010373, 0.009843578885716478, 0.010108128311855372, 0.006700851348688687, 0.016514968098535403, 0.016481122146733865, 0.012654772341592556, 0.01184783933432024, 0.009421156431453066, 0.006700851348688687, 0.006700851348688687, 0.006700851348688687, 0.01667440668490169, 0.0, 0.01100477066441423, 0.012480883857189236, 0.0, 0.006700851348688687, 0.0, 0.0]
------------------------------------------------------
DR
[1.0, 1.0, 1.0, 1.0, 1.0, 1.0, 1.0, 1.0, 1.0, 1.0, 1.0, 1.0, 1.0, 1.0, 1.0, 1.0, 1.0, 1.0, 1.0, 1.0, 1.0, 1.0, 1.0, 1.0, 1.0, 1.0, 1.0, 1.0, 1.0, 1.0, 1.0, 1.0, 1.0, 1.0, 1.0, 1.0, 1.0, 1.0, 1.0, 1.0, 1.0, 1.0, 1.0, 1.0, 1.0, 1.0]
------------------------------------------------------
DRup
[0.0, 0.0, 0.0, 0.0, 0.0, 0.0, 0.0, 0.0, 0.0, 0.0, 0.0, 0.0, 0.0, 0.0, 0.0, 0.0, 0.0, 0.0, 0.0, 0.0, 0.0, 0.0, 0.0, 0.0, 0.0, 0.0, 0.0, 0.0, 0.0, 0.0, 0.0, 0.0, 0.0, 0.0, 0.0, 0.0, 0.0, 0.0, 0.0, 0.0, 0.0, 0.0, 0.0, 0.0, 0.0, 0.0]
------------------------------------------------------
DRlow
[0.0, 0.0, 0.0, 0.0, 0.0, 0.0, 0.0, 0.0, 0.0, 0.0, 0.0, 0.0, 0.0, 0.0, 0.0, 0.0, 0.0, 0.0, 0.0, 0.0, 0.0, 0.0, 0.0, 0.0, 0.0, 0.0, 0.0, 0.0, 0.0, 0.0, 0.0, 0.0, 0.0, 0.0, 0.0, 0.0, 0.0, 0.0, 0.0, 0.0, 0.0, 0.0, 0.0, 0.0, 0.0, 0.0]
------------------------------------------------------
Yield
[14555.827568285897, 846.273641731487, 50.05983545741946, 13181.331739099165, 2420.7327410778175, 117.76616220446273, 1095.6988652035477, 33.278973700827606, 212.69086453975606, 10.719514609422253, 2485.0312336760426, 605.7928542126905, 59.11126284923878, 2027.0696331369115, 1509.17445990394, 112.01481725779936, 279.31522175148734, 39.195196172722625, 69.92397674667663, 5.3438279133222295, 162.43154396334361, 145.66269736936533, 18.312458543104913, 120.59728320257346, 267.17740151442706, 35.63689841316223, 30.01804007689745, 7.838025794147248, 5.776888557539682, 1.3850435794022182, 12.554617200040822, 3.9159903476966953, 25.19155868799927, 4.748250294244402, 2.8851323751632485, 2.1567798470529476, 0.648294473261025, 1.460017767745608, 0.3664053806089911, 0.0, 0.7419014309767127, 1.3559600576510848, 0.0, 0.5391949617632369, 0.0, 0.0]
------------------------------------------------------
YstatUp
[0.013255734080830157, 0.05543693447307572, 0.21328632334625147, 0.013602467271039245, 0.0322057564023032, 0.1451011663347514, 0.046750978326464486, 0.27375945126930806, 0.09450218412406117, 0.4253443169889879, 0.03246075013679624, 0.06909440872707451, 0.20650135062866273, 0.035628712087856125, 0.0423088195949476, 0.1546269368616301, 0.09798200110682756, 0.27000771210895136, 0.17573665428044388, 0.743572762442427, 0.12266619130128921, 0.1421936813698195, 0.3783327735032141, 0.1402314718556353, 0.10358924388558965, 0.28340022246806695, 0.31778863609124114, 0.6505489580552651, 0.692414257287241, 1.881205619614073, 0.4712274128979719, 0.9820335461737013, 0.3273402552563627, 0.7880076143646843, 1.0960598159692585, 1.5229399069851335, 3.375557925047004, 1.7846027785025091, 5.3124484515824255, 1.0514941848247554, 2.949658075331459, 1.474969700408859, 0.8513428235934161, 4.058560821533312, 0.9170841115855153, 0.9640478152770355]
------------------------------------------------------
YstatLow
[0.013255734080830157, 0.05543693447307572, 0.21328632334625147, 0.013602467271039245, 0.0322057564023032, 0.1451011663347514, 0.046750978326464486, 0.27375945126930806, 0.09450218412406117, 0.4253443169889879, 0.03246075013679624, 0.06909440872707451, 0.20650135062866273, 0.035628712087856125, 0.0423088195949476, 0.1546269368616301, 0.09798200110682756, 0.27000771210895136, 0.17573665428044388, 0.743572762442427, 0.12266619130128921, 0.1421936813698195, 0.3783327735032141, 0.1402314718556353, 0.10358924388558965, 0.28340022246806695, 0.31778863609124114, 0.6505489580552651, 0.692414257287241, 1.881205619614073, 0.4712274128979719, 0.9820335461737013, 0.3273402552563627, 0.7880076143646843, 1.0960598159692585, 1.5229399069851335, 3.375557925047004, 1.7846027785025091, 5.3124484515824255, 1.0514941848247554, 2.949658075331459, 1.474969700408859, 0.8513428235934161, 4.058560821533312, 0.9170841115855153, 0.9640478152770355]
------------------------------------------------------
YsysUp
[0.30856462788780836, 0.30868733741393717, 0.31061975388029583, 0.30834340218221534, 0.30836480622212137, 0.3092252038797357, 0.3083378331544326, 0.31120772097622645, 0.30883874717796417, 0.32667619857867175, 0.3087857249463986, 0.30887104863094283, 0.3108150673590815, 0.30852384640749403, 0.30843255806140113, 0.3093497378792337, 0.30863917929113244, 0.31124170544485613, 0.31029748103026145, 0.32569525259921844, 0.31388741352306176, 0.31066925683656926, 0.3171723407310873, 0.31224266347560775, 0.30917229581502315, 0.31175385170072784, 0.312812224331095, 0.31914476541425996, 0.32395050542335535, 0.39230275165048123, 0.31323218239246337, 0.3395280508133974, 0.3098940265207673, 0.31342958830918677, 0.3580411938816312, 0.3268838962827136, 0.3461984414156123, 0.38718029247801045, 0.3134078677464816, 0.33907942875002456, 0.3097914888541699, 0.31346998636246626, 0.35786022151934954, 0.3268838962827136, 0.34608618656241613, 0.3870799227214892]
------------------------------------------------------
YsysLow
[0.30856462788780836, 0.30868733741393717, 0.31061975388029583, 0.30834340218221534, 0.30836480622212137, 0.3092252038797357, 0.3083378331544326, 0.31120772097622645, 0.30883874717796417, 0.32667619857867175, 0.3087857249463986, 0.30887104863094283, 0.3108150673590815, 0.30852384640749403, 0.30843255806140113, 0.3093497378792337, 0.30863917929113244, 0.31124170544485613, 0.31029748103026145, 0.32569525259921844, 0.31388741352306176, 0.31066925683656926, 0.3171723407310873, 0.31224266347560775, 0.30917229581502315, 0.31175385170072784, 0.312812224331095, 0.31914476541425996, 0.32395050542335535, 0.39230275165048123, 0.31323218239246337, 0.3395280508133974, 0.3098940265207673, 0.31342958830918677, 0.3580411938816312, 0.3268838962827136, 0.3461984414156123, 0.39066907186758465, 0.3134078677464816, 0.33907942875002456, 0.3097914888541699, 0.31346998636246626, 0.35786022151934954, 0.3268838962827136, 0.34608618656241613, 0.39056959866916985]
------------------------------------------------------