          Search bin            N_ldp   Nnonqcd +/- err    Rqcd  Rqcd*Nqldp  Kj1h1  Kj1h2  Kj1h3  Kj2h1  Kj2h2  Kj2h3  Kj3h1  Kj3h2  Kj3h3  Kj4h2  Kj4h3  Kj5h2  Kj5h3    Sh1m1  Sh1m2   Sh2m1  Sh2m2  Sh2m3  Sh2m4  Sh3m1  Sh3m2  Sh3m3  Sh3m4      MCC      Rqcd +/- err        Model Nqcd_hdp
     1 NJets0_BTags0_MHT0_HT0   2849   1820.60 +/- 140.59  0.3698  380.26    1.332  1.001  1.000  1.070  1.000  1.000  1.168  1.002  1.000  1.011  1.001  1.530  1.008    1.525  1.000     1.000    1.000    1.000    1.000     1.000    1.000    1.000    1.000      1.000       0.3698 +/- 0.3095 ,   380.26 +/- 323.07    (    85 %) 
     2 NJets0_BTags0_MHT0_HT1   4031    960.60 +/-  80.97  0.0302   92.85    1.138  1.146  1.023  1.012  1.020  1.002  1.047  1.010  1.000  1.004  1.004  1.247  1.003    1.000    1.000     1.431  1.000    1.000    1.000     1.000    1.000    1.000    1.000      1.168     0.0302 +/- 0.0171 ,    92.85 +/- 52.54    (    57 %) 
     3 NJets0_BTags0_MHT0_HT2   1336     66.00 +/-   9.89  0.0041    5.16    1.165  1.227  1.675  1.137  1.057  1.036  1.089  1.027  1.214  1.113  1.075  1.559  1.025    1.000    1.000     1.000    1.000    1.000    1.000     1.135  1.000    1.000    1.000      1.044     0.0041 +/- 0.0040 ,     5.16 +/-  5.07    (    98 %) 
     4 NJets0_BTags0_MHT1_HT0    994    767.50 +/-  75.14  0.4228   95.75    1.283  1.001  1.000  1.060  1.000  1.000  1.143  1.001  1.000  1.009  1.001  1.452  1.007    1.000    1.725   1.000    1.000    1.000    1.000     1.000    1.000    1.000    1.000      1.148     0.4228 +/- 0.3912 ,    95.75 +/- 95.06    (    99 %) 
     5 NJets0_BTags0_MHT1_HT1   3276   1477.90 +/- 116.42  0.0588  105.72    1.149  1.157  1.024  1.013  1.021  1.002  1.051  1.010  1.000  1.004  1.004  1.266  1.003    1.000    1.000     1.000    1.547  1.000    1.000     1.000    1.000    1.000    1.000      1.106     0.0588 +/- 0.0386 ,   105.72 +/- 69.88    (    66 %) 
     6 NJets0_BTags0_MHT1_HT2   1361    124.50 +/-  17.35  0.0034    4.17    1.172  1.238  1.706  1.144  1.060  1.038  1.094  1.028  1.224  1.118  1.079  1.585  1.026    1.000    1.000     1.000    1.000    1.000    1.000     1.000    1.205  1.000    1.000      1.000       0.0034 +/- 0.0035 ,     4.17 +/-  4.33    (   104 %) 
     7 NJets0_BTags0_MHT2_HT1    510    412.70 +/-  41.18  0.0587    5.71    1.164  1.173  1.027  1.014  1.023  1.002  1.056  1.011  1.000  1.005  1.005  1.294  1.003    1.000    1.000     1.000    1.000    2.035  1.000     1.000    1.000    1.000    1.000      1.011     0.0587 +/- 0.0648 ,     5.71 +/-  6.88    (   121 %) 
     8 NJets0_BTags0_MHT2_HT2    348     75.80 +/-  13.60  0.0029    0.78    1.114  1.158  1.469  1.095  1.040  1.025  1.062  1.019  1.149  1.079  1.052  1.388  1.017    1.000    1.000     1.000    1.000    1.000    1.000     1.000    1.000    1.363  1.000      1.336     0.0029 +/- 0.0024 ,     0.78 +/-  0.66    (    84 %) 
     9 NJets0_BTags0_MHT3_HT1     49     49.00 +/-   9.32  0.0244   -0.00    1.166  1.175  1.027  1.014  1.024  1.002  1.057  1.012  1.000  1.005  1.005  1.297  1.004    1.000    1.000     1.000    1.000    1.000    1.674   1.000    1.000    1.000    1.000      1.000       0.0244 +/- 0.0190 ,    -0.00 +/-  0.00    (     0 %) 
    10 NJets0_BTags0_MHT3_HT2     45     12.10 +/-   6.48  0.0011    0.04    1.172  1.238  1.706  1.144  1.060  1.038  1.094  1.028  1.224  1.118  1.079  1.585  1.026    1.000    1.000     1.000    1.000    1.000    1.000     1.000    1.000    1.000    1.561    1.000       0.0011 +/- 0.0013 ,     0.04 +/-  0.04    (     0 %) 
    11 NJets0_BTags1_MHT0_HT0    475    299.80 +/-  48.07  0.6198  108.58    1.198  1.000  1.000  1.042  1.000  1.000  1.100  1.001  1.000  1.007  1.000  1.316  1.005    1.313  1.000     1.000    1.000    1.000    1.000     1.000    1.000    1.000    1.000      1.403     0.6198 +/- 0.3978 ,   108.58 +/- 76.99    (    71 %) 
    12 NJets0_BTags1_MHT0_HT1   1079    185.70 +/-  28.98  0.0252   22.47    1.166  1.175  1.027  1.014  1.024  1.002  1.057  1.012  1.000  1.005  1.005  1.297  1.004    1.000    1.000     1.518  1.000    1.000    1.000     1.000    1.000    1.000    1.000      1.000       0.0252 +/- 0.0163 ,    22.47 +/- 14.61    (    65 %) 
    13 NJets0_BTags1_MHT0_HT2    503     20.10 +/-   3.94  0.0039    1.88    1.172  1.238  1.706  1.144  1.060  1.038  1.094  1.028  1.224  1.118  1.079  1.585  1.026    1.000    1.000     1.000    1.000    1.000    1.000     1.142  1.000    1.000    1.000      1.000       0.0039 +/- 0.0040 ,     1.88 +/-  1.93    (   103 %) 
    14 NJets0_BTags1_MHT1_HT0    159    117.70 +/-  19.25  0.3959   16.35    1.302  1.001  1.000  1.064  1.000  1.000  1.153  1.001  1.000  1.010  1.001  1.483  1.007    1.000    1.774   1.000    1.000    1.000    1.000     1.000    1.000    1.000    1.000      1.090     0.3959 +/- 0.3878 ,    16.35 +/- 18.43    (   113 %) 
    15 NJets0_BTags1_MHT1_HT1    738    280.40 +/-  46.26  0.0526   24.06    1.166  1.175  1.027  1.014  1.024  1.002  1.057  1.012  1.000  1.005  1.005  1.297  1.004    1.000    1.000     1.000    1.612  1.000    1.000     1.000    1.000    1.000    1.000      1.000       0.0526 +/- 0.0381 ,    24.06 +/- 17.67    (    73 %) 
    16 NJets0_BTags1_MHT1_HT2    464     33.00 +/-   7.79  0.0034    1.45    1.172  1.238  1.706  1.144  1.060  1.038  1.094  1.028  1.224  1.118  1.079  1.585  1.026    1.000    1.000     1.000    1.000    1.000    1.000     1.000    1.205  1.000    1.000      1.000       0.0034 +/- 0.0035 ,     1.45 +/-  1.51    (   104 %) 
    17 NJets0_BTags1_MHT2_HT1    100     71.20 +/-  12.12  0.0580    1.67    1.166  1.175  1.027  1.014  1.024  1.002  1.057  1.012  1.000  1.005  1.005  1.297  1.004    1.000    1.000     1.000    1.000    2.047  1.000     1.000    1.000    1.000    1.000      1.000       0.0580 +/- 0.0648 ,     1.67 +/-  2.08    (   124 %) 
    18 NJets0_BTags1_MHT2_HT2    108     16.80 +/-   4.26  0.0019    0.17    1.172  1.238  1.706  1.144  1.060  1.038  1.094  1.028  1.224  1.118  1.079  1.585  1.026    1.000    1.000     1.000    1.000    1.000    1.000     1.000    1.000    1.547  1.000      1.000       0.0019 +/- 0.0022 ,     0.17 +/-  0.20    (   116 %) 
    19 NJets0_BTags1_MHT3_HT1     15      9.20 +/-   1.99  0.0244    0.14    1.166  1.175  1.027  1.014  1.024  1.002  1.057  1.012  1.000  1.005  1.005  1.297  1.004    1.000    1.000     1.000    1.000    1.000    1.674   1.000    1.000    1.000    1.000      1.000       0.0244 +/- 0.0190 ,     0.14 +/-  0.15    (   108 %) 
    20 NJets0_BTags1_MHT3_HT2     11      1.90 +/-   0.98  0.0011    0.01    1.172  1.238  1.706  1.144  1.060  1.038  1.094  1.028  1.224  1.118  1.079  1.585  1.026    1.000    1.000     1.000    1.000    1.000    1.000     1.000    1.000    1.000    1.561    1.000       0.0011 +/- 0.0013 ,     0.01 +/-  0.01    (     0 %) 
    21 NJets0_BTags2_MHT0_HT0     39     20.90 +/-   6.17  0.3698    6.69    1.332  1.001  1.000  1.070  1.000  1.000  1.168  1.002  1.000  1.011  1.001  1.530  1.008    1.525  1.000     1.000    1.000    1.000    1.000     1.000    1.000    1.000    1.000      1.000       0.3698 +/- 0.3095 ,     6.69 +/-  6.47    (    97 %) 
    22 NJets0_BTags2_MHT0_HT1    114     19.30 +/-   7.83  0.0252    2.38    1.166  1.175  1.027  1.014  1.024  1.002  1.057  1.012  1.000  1.005  1.005  1.297  1.004    1.000    1.000     1.518  1.000    1.000    1.000     1.000    1.000    1.000    1.000      1.000       0.0252 +/- 0.0163 ,     2.38 +/-  1.58    (    66 %) 
    23 NJets0_BTags2_MHT0_HT2     61      4.50 +/-   1.60  0.0039    0.22    1.172  1.238  1.706  1.144  1.060  1.038  1.094  1.028  1.224  1.118  1.079  1.585  1.026    1.000    1.000     1.000    1.000    1.000    1.000     1.142  1.000    1.000    1.000      1.000       0.0039 +/- 0.0040 ,     0.22 +/-  0.23    (   104 %) 
    24 NJets0_BTags2_MHT1_HT0     13      6.70 +/-   2.68  0.3603    2.27    1.332  1.001  1.000  1.070  1.000  1.000  1.168  1.002  1.000  1.011  1.001  1.530  1.008    1.000    1.851   1.000    1.000    1.000    1.000     1.000    1.000    1.000    1.000      1.000       0.3603 +/- 0.3861 ,     2.27 +/-  2.92    (   129 %) 
    25 NJets0_BTags2_MHT1_HT1     75     21.80 +/-   5.63  0.0526    2.80    1.166  1.175  1.027  1.014  1.024  1.002  1.057  1.012  1.000  1.005  1.005  1.297  1.004    1.000    1.000     1.000    1.612  1.000    1.000     1.000    1.000    1.000    1.000      1.000       0.0526 +/- 0.0381 ,     2.80 +/-  2.10    (    75 %) 
    26 NJets0_BTags2_MHT1_HT2     51     12.50 +/-   4.28  0.0034    0.13    1.172  1.238  1.706  1.144  1.060  1.038  1.094  1.028  1.224  1.118  1.079  1.585  1.026    1.000    1.000     1.000    1.000    1.000    1.000     1.000    1.205  1.000    1.000      1.000       0.0034 +/- 0.0035 ,     0.13 +/-  0.14    (   106 %) 
    27 NJets0_BTags2_MHT2_HT1      7      4.80 +/-   1.96  0.1948    0.43    1.050  1.052  1.008  1.004  1.007  1.001  1.017  1.003  1.000  1.001  1.001  1.089  1.001    1.000    1.000     1.000    1.000    1.312  1.000     1.000    1.000    1.000    1.000      1.702     0.1948 +/- 0.1514 ,     0.43 +/-  0.72    (   169 %) 
    28 NJets0_BTags2_MHT2_HT2     16      2.60 +/-   0.99  0.0019    0.03    1.172  1.238  1.706  1.144  1.060  1.038  1.094  1.028  1.224  1.118  1.079  1.585  1.026    1.000    1.000     1.000    1.000    1.000    1.000     1.000    1.000    1.547  1.000      1.000       0.0019 +/- 0.0022 ,     0.03 +/-  0.03    (     0 %) 
    29 NJets0_BTags2_MHT3_HT1      0      1.30 +/-   0.92  0.0244   -0.03    1.166  1.175  1.027  1.014  1.024  1.002  1.057  1.012  1.000  1.005  1.005  1.297  1.004    1.000    1.000     1.000    1.000    1.000    1.674   1.000    1.000    1.000    1.000      1.000       0.0244 +/- 0.0190 ,    -0.03 +/-  0.00    (     0 %) 
    30 NJets0_BTags2_MHT3_HT2      0      0.20 +/-   0.17  0.0011   -0.00    1.172  1.238  1.706  1.144  1.060  1.038  1.094  1.028  1.224  1.118  1.079  1.585  1.026    1.000    1.000     1.000    1.000    1.000    1.000     1.000    1.000    1.000    1.561    1.000       0.0011 +/- 0.0013 ,    -0.00 +/-  0.00    (     0 %) 
    31 NJets1_BTags0_MHT0_HT0   2876   1427.40 +/- 121.57  0.4653  674.09    1.234  1.000  1.000  1.080  1.000  1.000  1.057  1.003  1.000  1.010  1.001  1.351  1.009    1.525  1.000     1.000    1.000    1.000    1.000     1.000    1.000    1.000    1.000      1.000       0.4653 +/- 0.3169 ,   674.09 +/- 463.25    (    69 %) 
    32 NJets1_BTags0_MHT0_HT1   8281   2438.40 +/- 165.80  0.0345  201.56    1.155  1.017  1.013  1.017  1.104  1.002  1.022  1.030  1.008  1.027  1.006  1.285  1.005    1.000    1.000     1.518  1.000    1.000    1.000     1.000    1.000    1.000    1.000      1.000       0.0345 +/- 0.0215 ,   201.56 +/- 125.64    (    62 %) 
    33 NJets1_BTags0_MHT0_HT2   4273    354.30 +/-  29.97  0.0138   54.25    1.050  1.019  1.018  1.008  1.011  1.120  1.012  1.006  1.003  1.018  1.009  1.121  1.004    1.000    1.000     1.000    1.000    1.000    1.000     1.141  1.000    1.000    1.000      1.008     0.0138 +/- 0.0032 ,    54.25 +/- 12.50    (    23 %) 
    34 NJets1_BTags0_MHT1_HT0    812    434.30 +/-  47.70  0.4534  171.26    1.234  1.000  1.000  1.080  1.000  1.000  1.057  1.003  1.000  1.010  1.001  1.351  1.009    1.000    1.851   1.000    1.000    1.000    1.000     1.000    1.000    1.000    1.000      1.000       0.4534 +/- 0.4330 ,   171.26 +/- 165.49    (    97 %) 
    35 NJets1_BTags0_MHT1_HT1   6063   2860.20 +/- 202.30  0.0721  230.92    1.155  1.017  1.013  1.017  1.104  1.002  1.022  1.030  1.008  1.027  1.006  1.285  1.005    1.000    1.000     1.000    1.612  1.000    1.000     1.000    1.000    1.000    1.000      1.000       0.0721 +/- 0.0506 ,   230.92 +/- 162.92    (    71 %) 
    36 NJets1_BTags0_MHT1_HT2   3976    549.00 +/-  45.15  0.0133   45.70    1.045  1.017  1.016  1.007  1.010  1.108  1.011  1.005  1.003  1.016  1.008  1.109  1.004    1.000    1.000     1.000    1.000    1.000    1.000     1.000    1.183  1.000    1.000      1.105     0.0133 +/- 0.0036 ,    45.70 +/- 12.26    (    27 %) 
    37 NJets1_BTags0_MHT2_HT1    769    557.10 +/-  48.39  0.0864   18.31    1.142  1.016  1.012  1.016  1.096  1.002  1.020  1.028  1.008  1.025  1.005  1.263  1.005    1.000    1.000     1.000    1.000    1.964  1.000     1.000    1.000    1.000    1.000      1.079     0.0864 +/- 0.0880 ,    18.31 +/- 19.25    (   105 %) 
    38 NJets1_BTags0_MHT2_HT2    961    294.30 +/-  28.99  0.0067    4.48    1.050  1.019  1.018  1.008  1.011  1.121  1.012  1.006  1.003  1.018  1.009  1.122  1.004    1.000    1.000     1.000    1.000    1.000    1.000     1.000    1.000    1.547  1.000      1.000       0.0067 +/- 0.0039 ,     4.48 +/-  2.60    (    58 %) 
    39 NJets1_BTags0_MHT3_HT1     99     88.50 +/-  12.71  0.0334    0.35    1.155  1.017  1.013  1.017  1.104  1.002  1.022  1.030  1.008  1.027  1.006  1.285  1.005    1.000    1.000     1.000    1.000    1.000    1.674   1.000    1.000    1.000    1.000      1.000       0.0334 +/- 0.0253 ,     0.35 +/-  0.60    (   171 %) 
    40 NJets1_BTags0_MHT3_HT2     78     25.90 +/-   6.79  0.0038    0.20    1.050  1.019  1.018  1.008  1.011  1.121  1.012  1.006  1.003  1.018  1.009  1.122  1.004    1.000    1.000     1.000    1.000    1.000    1.000     1.000    1.000    1.000    1.561    1.000       0.0038 +/- 0.0023 ,     0.20 +/-  0.13    (    63 %) 
    41 NJets1_BTags1_MHT0_HT0    718    460.10 +/-  41.21  0.4653  120.01    1.234  1.000  1.000  1.080  1.000  1.000  1.057  1.003  1.000  1.010  1.001  1.351  1.009    1.525  1.000     1.000    1.000    1.000    1.000     1.000    1.000    1.000    1.000      1.000       0.4653 +/- 0.3169 ,   120.01 +/- 84.88    (    71 %) 
    42 NJets1_BTags1_MHT0_HT1   3153    942.50 +/-  81.63  0.0370   81.84    1.144  1.016  1.012  1.016  1.097  1.002  1.020  1.028  1.008  1.026  1.005  1.266  1.005    1.000    1.000     1.483  1.000    1.000    1.000     1.000    1.000    1.000    1.000      1.068     0.0370 +/- 0.0216 ,    81.84 +/- 47.94    (    59 %) 
    43 NJets1_BTags1_MHT0_HT2   2261    161.60 +/-  15.30  0.0137   28.83    1.050  1.019  1.018  1.008  1.011  1.121  1.012  1.006  1.003  1.018  1.009  1.122  1.004    1.000    1.000     1.000    1.000    1.000    1.000     1.142  1.000    1.000    1.000      1.000       0.0137 +/- 0.0032 ,    28.83 +/-  6.71    (    23 %) 
    44 NJets1_BTags1_MHT1_HT0    205    137.00 +/-  15.08  0.4534   30.83    1.234  1.000  1.000  1.080  1.000  1.000  1.057  1.003  1.000  1.010  1.001  1.351  1.009    1.000    1.851   1.000    1.000    1.000    1.000     1.000    1.000    1.000    1.000      1.000       0.4534 +/- 0.4330 ,    30.83 +/- 30.92    (   100 %) 
    45 NJets1_BTags1_MHT1_HT1   1992   1009.50 +/-  88.67  0.0795   78.14    1.140  1.016  1.012  1.016  1.094  1.002  1.020  1.027  1.007  1.025  1.005  1.258  1.004    1.000    1.000     1.000    1.555  1.000    1.000     1.000    1.000    1.000    1.000      1.093     0.0795 +/- 0.0512 ,    78.14 +/- 50.90    (    65 %) 
    46 NJets1_BTags1_MHT1_HT2   1928    245.20 +/-  21.32  0.0119   20.08    1.050  1.019  1.018  1.008  1.011  1.121  1.012  1.006  1.003  1.018  1.009  1.122  1.004    1.000    1.000     1.000    1.000    1.000    1.000     1.000    1.205  1.000    1.000      1.000       0.0119 +/- 0.0033 ,    20.08 +/-  5.55    (    28 %) 
    47 NJets1_BTags1_MHT2_HT1    224    167.00 +/-  18.34  0.0796    4.54    1.155  1.017  1.013  1.017  1.104  1.002  1.022  1.030  1.008  1.027  1.006  1.285  1.005    1.000    1.000     1.000    1.000    2.047  1.000     1.000    1.000    1.000    1.000      1.000       0.0796 +/- 0.0877 ,     4.54 +/-  5.34    (   118 %) 
    48 NJets1_BTags1_MHT2_HT2    444    116.70 +/-  13.19  0.0067    2.20    1.050  1.019  1.018  1.008  1.011  1.121  1.012  1.006  1.003  1.018  1.009  1.122  1.004    1.000    1.000     1.000    1.000    1.000    1.000     1.000    1.000    1.547  1.000      1.000       0.0067 +/- 0.0039 ,     2.20 +/-  1.28    (    58 %) 
    49 NJets1_BTags1_MHT3_HT1     29     26.30 +/-   4.13  0.0334    0.09    1.155  1.017  1.013  1.017  1.104  1.002  1.022  1.030  1.008  1.027  1.006  1.285  1.005    1.000    1.000     1.000    1.000    1.000    1.674   1.000    1.000    1.000    1.000      1.000       0.0334 +/- 0.0253 ,     0.09 +/-  0.24    (     0 %) 
    50 NJets1_BTags1_MHT3_HT2     48     11.40 +/-   3.14  0.0038    0.14    1.050  1.019  1.018  1.008  1.011  1.121  1.012  1.006  1.003  1.018  1.009  1.122  1.004    1.000    1.000     1.000    1.000    1.000    1.000     1.000    1.000    1.000    1.561    1.000       0.0038 +/- 0.0023 ,     0.14 +/-  0.09    (    63 %) 
    51 NJets1_BTags2_MHT0_HT0    162     92.90 +/-  10.58  0.4653   32.15    1.234  1.000  1.000  1.080  1.000  1.000  1.057  1.003  1.000  1.010  1.001  1.351  1.009    1.525  1.000     1.000    1.000    1.000    1.000     1.000    1.000    1.000    1.000      1.000       0.4653 +/- 0.3169 ,    32.15 +/- 23.21    (    72 %) 
    52 NJets1_BTags2_MHT0_HT1    765    272.00 +/-  23.91  0.0362   17.84    1.147  1.016  1.012  1.016  1.099  1.002  1.021  1.029  1.008  1.026  1.005  1.272  1.005    1.000    1.000     1.494  1.000    1.000    1.000     1.000    1.000    1.000    1.000      1.047     0.0362 +/- 0.0215 ,    17.84 +/- 10.70    (    60 %) 
    53 NJets1_BTags2_MHT0_HT2    519     49.70 +/-   6.22  0.0248   11.64    1.028  1.011  1.010  1.005  1.006  1.067  1.007  1.003  1.002  1.010  1.005  1.067  1.002    1.000    1.000     1.000    1.000    1.000    1.000     1.078  1.000    1.000    1.000      1.446     0.0248 +/- 0.0115 ,    11.64 +/-  5.43    (    47 %) 
    54 NJets1_BTags2_MHT1_HT0     39     19.00 +/-   3.96  0.4534    9.07    1.234  1.000  1.000  1.080  1.000  1.000  1.057  1.003  1.000  1.010  1.001  1.351  1.009    1.000    1.851   1.000    1.000    1.000    1.000     1.000    1.000    1.000    1.000      1.000       0.4534 +/- 0.4330 ,     9.07 +/-  9.29    (   102 %) 
    55 NJets1_BTags2_MHT1_HT1    496    269.60 +/-  25.53  0.0778   17.61    1.143  1.016  1.012  1.016  1.096  1.002  1.020  1.028  1.008  1.025  1.005  1.264  1.005    1.000    1.000     1.000    1.567  1.000    1.000     1.000    1.000    1.000    1.000      1.073     0.0778 +/- 0.0510 ,    17.61 +/- 11.83    (    67 %) 
    56 NJets1_BTags2_MHT1_HT2    470     73.80 +/-  10.59  0.0119    4.73    1.050  1.019  1.018  1.008  1.011  1.121  1.012  1.006  1.003  1.018  1.009  1.122  1.004    1.000    1.000     1.000    1.000    1.000    1.000     1.000    1.205  1.000    1.000      1.000       0.0119 +/- 0.0033 ,     4.73 +/-  1.33    (    28 %) 
    57 NJets1_BTags2_MHT2_HT1     55     37.00 +/-   5.76  0.0796    1.43    1.155  1.017  1.013  1.017  1.104  1.002  1.022  1.030  1.008  1.027  1.006  1.285  1.005    1.000    1.000     1.000    1.000    2.047  1.000     1.000    1.000    1.000    1.000      1.000       0.0796 +/- 0.0877 ,     1.43 +/-  1.75    (   122 %) 
    58 NJets1_BTags2_MHT2_HT2     98     34.90 +/-   5.93  0.0155    0.98    1.022  1.008  1.008  1.004  1.005  1.052  1.005  1.003  1.001  1.008  1.004  1.053  1.002    1.000    1.000     1.000    1.000    1.000    1.000     1.000    1.000    1.237  1.000      1.567     0.0155 +/- 0.0096 ,     0.98 +/-  0.63    (    65 %) 
    59 NJets1_BTags2_MHT3_HT1      9      4.90 +/-   1.21  0.1092    0.45    1.047  1.005  1.004  1.005  1.032  1.001  1.007  1.009  1.003  1.008  1.002  1.087  1.002    1.000    1.000     1.000    1.000    1.000    1.206   1.000    1.000    1.000    1.000      1.694     0.1092 +/- 0.0799 ,     0.45 +/-  0.48    (   108 %) 
    60 NJets1_BTags2_MHT3_HT2     10      2.00 +/-   1.16  0.0545    0.44    1.004  1.001  1.001  1.001  1.001  1.008  1.001  1.000  1.000  1.001  1.001  1.009  1.000    1.000    1.000     1.000    1.000    1.000    1.000     1.000    1.000    1.000    1.039    1.930     0.0545 +/- 0.0507 ,     0.44 +/-  0.45    (   102 %) 
    61 NJets1_BTags3_MHT0_HT0     21      6.60 +/-   2.58  0.4653    6.70    1.234  1.000  1.000  1.080  1.000  1.000  1.057  1.003  1.000  1.010  1.001  1.351  1.009    1.525  1.000     1.000    1.000    1.000    1.000     1.000    1.000    1.000    1.000      1.000       0.4653 +/- 0.3169 ,     6.70 +/-  5.18    (    77 %) 
    62 NJets1_BTags3_MHT0_HT1     82     30.10 +/-   6.23  0.0677    3.51    1.079  1.009  1.007  1.009  1.053  1.001  1.011  1.015  1.004  1.014  1.003  1.145  1.002    1.000    1.000     1.264  1.000    1.000    1.000     1.000    1.000    1.000    1.000      1.490     0.0677 +/- 0.0395 ,     3.51 +/-  2.18    (    62 %) 
    63 NJets1_BTags3_MHT0_HT2     65      6.60 +/-   1.86  0.0688    4.02    1.010  1.004  1.004  1.002  1.002  1.024  1.002  1.001  1.001  1.004  1.002  1.024  1.001    1.000    1.000     1.000    1.000    1.000    1.000     1.028  1.000    1.000    1.000      1.800     0.0688 +/- 0.0551 ,     4.02 +/-  3.27    (    81 %) 
    64 NJets1_BTags3_MHT1_HT0      6      1.90 +/-   0.95  0.4534    1.86    1.234  1.000  1.000  1.080  1.000  1.000  1.057  1.003  1.000  1.010  1.001  1.351  1.009    1.000    1.851   1.000    1.000    1.000    1.000     1.000    1.000    1.000    1.000      1.000       0.4534 +/- 0.4330 ,     1.86 +/-  2.14    (   115 %) 
    65 NJets1_BTags3_MHT1_HT1     67     27.90 +/-   5.45  0.0721    2.82    1.155  1.017  1.013  1.017  1.104  1.002  1.022  1.030  1.008  1.027  1.006  1.285  1.005    1.000    1.000     1.000    1.612  1.000    1.000     1.000    1.000    1.000    1.000      1.000       0.0721 +/- 0.0506 ,     2.82 +/-  2.10    (    75 %) 
    66 NJets1_BTags3_MHT1_HT2     77     12.40 +/-   2.92  0.0405    2.62    1.015  1.006  1.005  1.002  1.003  1.036  1.003  1.002  1.001  1.005  1.003  1.036  1.001    1.000    1.000     1.000    1.000    1.000    1.000     1.000    1.060  1.000    1.000      1.705     0.0405 +/- 0.0288 ,     2.62 +/-  1.90    (    72 %) 
    67 NJets1_BTags3_MHT2_HT1      6      3.10 +/-   0.93  0.0815    0.24    1.151  1.017  1.012  1.017  1.102  1.002  1.021  1.029  1.008  1.027  1.005  1.278  1.005    1.000    1.000     1.000    1.000    2.022  1.000     1.000    1.000    1.000    1.000      1.024     0.0815 +/- 0.0877 ,     0.24 +/-  0.33    (   141 %) 
    68 NJets1_BTags3_MHT2_HT2     21      3.00 +/-   1.10  0.0442    0.80    1.008  1.003  1.003  1.001  1.002  1.018  1.002  1.001  1.000  1.003  1.001  1.019  1.001    1.000    1.000     1.000    1.000    1.000    1.000     1.000    1.000    1.083  1.000      1.848     0.0442 +/- 0.0377 ,     0.80 +/-  0.71    (    89 %) 
    69 NJets1_BTags3_MHT3_HT1      1      0.30 +/-   0.14  0.1448    0.10    1.036  1.004  1.003  1.004  1.024  1.000  1.005  1.007  1.002  1.006  1.001  1.066  1.001    1.000    1.000     1.000    1.000    1.000    1.156   1.000    1.000    1.000    1.000      1.769     0.1448 +/- 0.1142 ,     0.10 +/-  0.17    (   164 %) 
    70 NJets1_BTags3_MHT3_HT2      2      0.30 +/-   0.30  0.0038    0.01    1.050  1.019  1.018  1.008  1.011  1.121  1.012  1.006  1.003  1.018  1.009  1.122  1.004    1.000    1.000     1.000    1.000    1.000    1.000     1.000    1.000    1.000    1.561    1.000       0.0038 +/- 0.0023 ,     0.01 +/-  0.01    (     0 %) 
    71 NJets2_BTags0_MHT0_HT0    223     74.40 +/-  15.20  0.6171   91.71    1.159  1.000  1.000  1.013  1.000  1.000  1.145  1.001  1.000  1.026  1.000  1.301  1.001    1.525  1.000     1.000    1.000    1.000    1.000     1.000    1.000    1.000    1.000      1.000       0.6171 +/- 0.3970 ,    91.71 +/- 60.45    (    66 %) 
    72 NJets2_BTags0_MHT0_HT1   1965    673.80 +/-  53.77  0.0572   73.80    1.141  1.001  1.001  1.062  1.006  1.000  1.090  1.190  1.001  1.079  1.032  1.334  1.011    1.000    1.000     1.518  1.000    1.000    1.000     1.000    1.000    1.000    1.000      1.000       0.0572 +/- 0.0386 ,    73.80 +/- 49.96    (    68 %) 
    73 NJets2_BTags0_MHT0_HT2   2041    188.70 +/-  16.45  0.0261   48.29    1.029  1.014  1.034  1.001  1.016  1.003  1.013  1.014  1.097  1.022  1.006  1.087  1.004    1.000    1.000     1.000    1.000    1.000    1.000     1.133  1.000    1.000    1.000      1.064     0.0261 +/- 0.0053 ,    48.29 +/-  9.98    (    21 %) 
    74 NJets2_BTags0_MHT1_HT0     73     11.30 +/-   3.94  0.6014   37.10    1.159  1.000  1.000  1.013  1.000  1.000  1.145  1.001  1.000  1.026  1.000  1.301  1.001    1.000    1.851   1.000    1.000    1.000    1.000     1.000    1.000    1.000    1.000      1.000       0.6014 +/- 0.5583 ,    37.10 +/- 34.91    (    94 %) 
    75 NJets2_BTags0_MHT1_HT1   1288    590.20 +/-  49.42  0.1194   83.35    1.141  1.001  1.001  1.062  1.006  1.000  1.090  1.190  1.001  1.079  1.032  1.334  1.011    1.000    1.000     1.000    1.612  1.000    1.000     1.000    1.000    1.000    1.000      1.000       0.1194 +/- 0.0895 ,    83.35 +/- 62.86    (    75 %) 
    76 NJets2_BTags0_MHT1_HT2   1792    274.30 +/-  22.56  0.0238   36.11    1.028  1.014  1.032  1.001  1.016  1.003  1.012  1.014  1.092  1.021  1.006  1.083  1.003    1.000    1.000     1.000    1.000    1.000    1.000     1.000    1.183  1.000    1.000      1.109     0.0238 +/- 0.0060 ,    36.11 +/-  9.18    (    25 %) 
    77 NJets2_BTags0_MHT2_HT1    111     77.50 +/-  11.08  0.1319    4.42    1.141  1.001  1.001  1.062  1.006  1.000  1.090  1.190  1.001  1.079  1.032  1.334  1.011    1.000    1.000     1.000    1.000    2.047  1.000     1.000    1.000    1.000    1.000      1.000       0.1319 +/- 0.1493 ,     4.42 +/-  5.39    (   122 %) 
    78 NJets2_BTags0_MHT2_HT2    386    138.10 +/-  17.61  0.0119    2.96    1.031  1.015  1.036  1.001  1.017  1.004  1.014  1.015  1.103  1.023  1.006  1.093  1.004    1.000    1.000     1.000    1.000    1.000    1.000     1.000    1.000    1.547  1.000      1.000       0.0119 +/- 0.0068 ,     2.96 +/-  1.71    (    58 %) 
    79 NJets2_BTags0_MHT3_HT1     20     17.30 +/-   5.74  0.0555    0.15    1.141  1.001  1.001  1.062  1.006  1.000  1.090  1.190  1.001  1.079  1.031  1.334  1.011    1.000    1.000     1.000    1.000    1.000    1.673   1.000    1.000    1.000    1.000      1.001     0.0555 +/- 0.0444 ,     0.15 +/-  0.42    (   281 %) 
    80 NJets2_BTags0_MHT3_HT2     44     15.90 +/-   6.58  0.0080    0.22    1.027  1.013  1.031  1.001  1.015  1.003  1.012  1.013  1.088  1.020  1.005  1.079  1.003    1.000    1.000     1.000    1.000    1.000    1.000     1.000    1.000    1.000    1.477    1.149     0.0080 +/- 0.0041 ,     0.22 +/-  0.14    (    61 %) 
    81 NJets2_BTags1_MHT0_HT0    100     50.80 +/-   8.06  0.8671   42.66    1.113  1.000  1.000  1.009  1.000  1.000  1.103  1.001  1.000  1.019  1.000  1.214  1.001    1.374  1.000     1.000    1.000    1.000    1.000     1.000    1.000    1.000    1.000      1.288     0.8671 +/- 0.4692 ,    42.66 +/- 25.63    (    60 %) 
    82 NJets2_BTags1_MHT0_HT1   1131    534.20 +/-  42.20  0.0572   34.11    1.141  1.001  1.001  1.062  1.006  1.000  1.090  1.190  1.001  1.079  1.032  1.334  1.011    1.000    1.000     1.518  1.000    1.000    1.000     1.000    1.000    1.000    1.000      1.000       0.0572 +/- 0.0386 ,    34.11 +/- 23.22    (    68 %) 
    83 NJets2_BTags1_MHT0_HT2   1356    159.30 +/-  13.60  0.0244   29.22    1.031  1.015  1.036  1.001  1.017  1.004  1.014  1.015  1.103  1.023  1.006  1.093  1.004    1.000    1.000     1.000    1.000    1.000    1.000     1.142  1.000    1.000    1.000      1.000       0.0244 +/- 0.0051 ,    29.22 +/-  6.16    (    21 %) 
    84 NJets2_BTags1_MHT1_HT0     33      9.20 +/-   2.44  0.6014   14.31    1.159  1.000  1.000  1.013  1.000  1.000  1.145  1.001  1.000  1.026  1.000  1.301  1.001    1.000    1.851   1.000    1.000    1.000    1.000     1.000    1.000    1.000    1.000      1.000       0.6014 +/- 0.5583 ,    14.31 +/- 13.81    (    96 %) 
    85 NJets2_BTags1_MHT1_HT1    688    407.90 +/-  34.14  0.1194   33.46    1.141  1.001  1.001  1.062  1.006  1.000  1.090  1.190  1.001  1.079  1.032  1.334  1.011    1.000    1.000     1.000    1.612  1.000    1.000     1.000    1.000    1.000    1.000      1.000       0.1194 +/- 0.0895 ,    33.46 +/- 25.58    (    76 %) 
    86 NJets2_BTags1_MHT1_HT2   1195    229.90 +/-  19.18  0.0212   20.47    1.031  1.015  1.036  1.001  1.017  1.004  1.014  1.015  1.103  1.023  1.006  1.093  1.004    1.000    1.000     1.000    1.000    1.000    1.000     1.000    1.205  1.000    1.000      1.000       0.0212 +/- 0.0054 ,    20.47 +/-  5.30    (    26 %) 
    87 NJets2_BTags1_MHT2_HT1     59     48.10 +/-   6.19  0.1319    1.44    1.141  1.001  1.001  1.062  1.006  1.000  1.090  1.190  1.001  1.079  1.032  1.334  1.011    1.000    1.000     1.000    1.000    2.047  1.000     1.000    1.000    1.000    1.000      1.000       0.1319 +/- 0.1493 ,     1.44 +/-  2.08    (   145 %) 
    88 NJets2_BTags1_MHT2_HT2    257     86.90 +/-  11.30  0.0119    2.03    1.031  1.015  1.036  1.001  1.017  1.004  1.014  1.015  1.103  1.023  1.006  1.093  1.004    1.000    1.000     1.000    1.000    1.000    1.000     1.000    1.000    1.547  1.000      1.000       0.0119 +/- 0.0068 ,     2.03 +/-  1.18    (    58 %) 
    89 NJets2_BTags1_MHT3_HT1     18      8.10 +/-   2.52  0.0554    0.55    1.141  1.001  1.001  1.062  1.006  1.000  1.090  1.190  1.001  1.079  1.032  1.334  1.011    1.000    1.000     1.000    1.000    1.000    1.674   1.000    1.000    1.000    1.000      1.000       0.0554 +/- 0.0444 ,     0.55 +/-  0.52    (    94 %) 
    90 NJets2_BTags1_MHT3_HT2     34      9.10 +/-   3.63  0.0134    0.33    1.016  1.008  1.018  1.001  1.009  1.002  1.007  1.008  1.053  1.012  1.003  1.047  1.002    1.000    1.000     1.000    1.000    1.000    1.000     1.000    1.000    1.000    1.285    1.492     0.0134 +/- 0.0077 ,     0.33 +/-  0.21    (    64 %) 
    91 NJets2_BTags2_MHT0_HT0     31     17.90 +/-   4.56  0.6171    8.08    1.159  1.000  1.000  1.013  1.000  1.000  1.145  1.001  1.000  1.026  1.000  1.301  1.001    1.525  1.000     1.000    1.000    1.000    1.000     1.000    1.000    1.000    1.000      1.000       0.6171 +/- 0.3970 ,     8.08 +/-  6.84    (    85 %) 
    92 NJets2_BTags2_MHT0_HT1    477    287.10 +/-  23.54  0.0572   10.85    1.141  1.001  1.001  1.062  1.006  1.000  1.090  1.190  1.001  1.079  1.032  1.334  1.011    1.000    1.000     1.518  1.000    1.000    1.000     1.000    1.000    1.000    1.000      1.000       0.0572 +/- 0.0386 ,    10.85 +/-  7.55    (    70 %) 
    93 NJets2_BTags2_MHT0_HT2    469    102.80 +/-  11.22  0.0244    8.94    1.031  1.015  1.036  1.001  1.017  1.004  1.014  1.015  1.103  1.023  1.006  1.093  1.004    1.000    1.000     1.000    1.000    1.000    1.000     1.142  1.000    1.000    1.000      1.000       0.0244 +/- 0.0051 ,     8.94 +/-  1.95    (    22 %) 
    94 NJets2_BTags2_MHT1_HT0     10      1.90 +/-   0.66  0.6014    4.87    1.159  1.000  1.000  1.013  1.000  1.000  1.145  1.001  1.000  1.026  1.000  1.301  1.001    1.000    1.851   1.000    1.000    1.000    1.000     1.000    1.000    1.000    1.000      1.000       0.6014 +/- 0.5583 ,     4.87 +/-  4.92    (   101 %) 
    95 NJets2_BTags2_MHT1_HT1    283    206.20 +/-  18.25  0.1194    9.17    1.141  1.001  1.001  1.062  1.006  1.000  1.090  1.190  1.001  1.079  1.032  1.334  1.011    1.000    1.000     1.000    1.612  1.000    1.000     1.000    1.000    1.000    1.000      1.000       0.1194 +/- 0.0895 ,     9.17 +/-  7.48    (    82 %) 
    96 NJets2_BTags2_MHT1_HT2    449    135.50 +/-  12.70  0.0212    6.65    1.031  1.015  1.036  1.001  1.017  1.004  1.014  1.015  1.103  1.023  1.006  1.093  1.004    1.000    1.000     1.000    1.000    1.000    1.000     1.000    1.205  1.000    1.000      1.000       0.0212 +/- 0.0054 ,     6.65 +/-  1.78    (    27 %) 
    97 NJets2_BTags2_MHT2_HT1     28     16.40 +/-   2.66  0.1319    1.53    1.141  1.001  1.001  1.062  1.006  1.000  1.090  1.190  1.001  1.079  1.032  1.334  1.011    1.000    1.000     1.000    1.000    2.047  1.000     1.000    1.000    1.000    1.000      1.000       0.1319 +/- 0.1493 ,     1.53 +/-  1.90    (   124 %) 
    98 NJets2_BTags2_MHT2_HT2     66     47.10 +/-   6.66  0.0156    0.29    1.024  1.012  1.028  1.001  1.013  1.003  1.010  1.012  1.079  1.018  1.005  1.071  1.003    1.000    1.000     1.000    1.000    1.000    1.000     1.000    1.000    1.419  1.000      1.235     0.0156 +/- 0.0077 ,     0.29 +/-  0.22    (    74 %) 
    99 NJets2_BTags2_MHT3_HT1      4      2.90 +/-   0.95  0.0554    0.06    1.141  1.001  1.001  1.062  1.006  1.000  1.090  1.190  1.001  1.079  1.032  1.334  1.011    1.000    1.000     1.000    1.000    1.000    1.674   1.000    1.000    1.000    1.000      1.000       0.0554 +/- 0.0444 ,     0.06 +/-  0.13    (     0 %) 
   100 NJets2_BTags2_MHT3_HT2      7      3.60 +/-   1.48  0.0068    0.02    1.031  1.015  1.036  1.001  1.017  1.004  1.014  1.015  1.103  1.023  1.006  1.093  1.004    1.000    1.000     1.000    1.000    1.000    1.000     1.000    1.000    1.000    1.561    1.000       0.0068 +/- 0.0040 ,     0.02 +/-  0.02    (     0 %) 
   101 NJets2_BTags3_MHT0_HT0      8      3.20 +/-   1.09  0.6171    2.96    1.159  1.000  1.000  1.013  1.000  1.000  1.145  1.001  1.000  1.026  1.000  1.301  1.001    1.525  1.000     1.000    1.000    1.000    1.000     1.000    1.000    1.000    1.000      1.000       0.6171 +/- 0.3970 ,     2.96 +/-  2.67    (    90 %) 
   102 NJets2_BTags3_MHT0_HT1     99     71.60 +/-   9.86  0.1260    3.45    1.064  1.001  1.000  1.028  1.003  1.000  1.041  1.086  1.001  1.036  1.014  1.152  1.005    1.000    1.000     1.235  1.000    1.000    1.000     1.000    1.000    1.000    1.000      1.547     0.1260 +/- 0.0789 ,     3.45 +/-  2.79    (    81 %) 
   103 NJets2_BTags3_MHT0_HT2     97     28.50 +/-   6.22  0.0371    2.54    1.021  1.010  1.024  1.001  1.011  1.002  1.009  1.010  1.068  1.015  1.004  1.061  1.003    1.000    1.000     1.000    1.000    1.000    1.000     1.093  1.000    1.000    1.000      1.342     0.0371 +/- 0.0136 ,     2.54 +/-  1.03    (    41 %) 
   104 NJets2_BTags3_MHT1_HT0      1      0.80 +/-   0.76  0.6014    0.12    1.159  1.000  1.000  1.013  1.000  1.000  1.145  1.001  1.000  1.026  1.000  1.301  1.001    1.000    1.851   1.000    1.000    1.000    1.000     1.000    1.000    1.000    1.000      1.000       0.6014 +/- 0.5583 ,     0.12 +/-  0.76    (   635 %) 
   105 NJets2_BTags3_MHT1_HT1     69     48.00 +/-   7.50  0.1194    2.51    1.141  1.001  1.001  1.062  1.006  1.000  1.090  1.190  1.001  1.079  1.032  1.334  1.011    1.000    1.000     1.000    1.612  1.000    1.000     1.000    1.000    1.000    1.000      1.000       0.1194 +/- 0.0895 ,     2.51 +/-  2.31    (    92 %) 
   106 NJets2_BTags3_MHT1_HT2    118     37.90 +/-   5.85  0.0723    5.79    1.009  1.004  1.011  1.000  1.005  1.001  1.004  1.004  1.030  1.007  1.002  1.027  1.001    1.000    1.000     1.000    1.000    1.000    1.000     1.000    1.060  1.000    1.000      1.706     0.0723 +/- 0.0513 ,     5.79 +/-  4.21    (    73 %) 
   107 NJets2_BTags3_MHT2_HT1      1      2.90 +/-   1.05  0.1319   -0.25    1.141  1.001  1.001  1.062  1.006  1.000  1.090  1.190  1.001  1.079  1.032  1.334  1.011    1.000    1.000     1.000    1.000    2.047  1.000     1.000    1.000    1.000    1.000      1.000       0.1319 +/- 0.1493 ,    -0.25 +/-  0.00    (     0 %) 
   108 NJets2_BTags3_MHT2_HT2     29     10.70 +/-   2.29  0.0119    0.22    1.031  1.015  1.036  1.001  1.017  1.004  1.014  1.015  1.103  1.023  1.006  1.093  1.004    1.000    1.000     1.000    1.000    1.000    1.000     1.000    1.000    1.547  1.000      1.000       0.0119 +/- 0.0068 ,     0.22 +/-  0.14    (    65 %) 
   109 NJets2_BTags3_MHT3_HT1      0      2.00 +/-   1.50  0.0554   -0.11    1.141  1.001  1.001  1.062  1.006  1.000  1.090  1.190  1.001  1.079  1.032  1.334  1.011    1.000    1.000     1.000    1.000    1.000    1.674   1.000    1.000    1.000    1.000      1.000       0.0554 +/- 0.0444 ,    -0.11 +/-  0.00    (     0 %) 
   110 NJets2_BTags3_MHT3_HT2      3      1.00 +/-   0.61  0.0068    0.01    1.031  1.015  1.036  1.001  1.017  1.004  1.014  1.015  1.103  1.023  1.006  1.093  1.004    1.000    1.000     1.000    1.000    1.000    1.000     1.000    1.000    1.000    1.561    1.000       0.0068 +/- 0.0040 ,     0.01 +/-  0.01    (     0 %) 
   111 NJets3_BTags0_MHT0_HT1    154     57.90 +/-   8.04  0.0832    7.99    1.124  1.000  1.000  1.030  1.001  1.000  1.234  1.017  1.000  1.531  1.003  1.607  1.059    1.000    1.000     1.384  1.000    1.000    1.000     1.000    1.000    1.000    1.000      1.260     0.0832 +/- 0.0807 ,     7.99 +/-  7.85    (    98 %) 
   112 NJets3_BTags0_MHT0_HT2    377     42.90 +/-   5.58  0.0567   18.95    1.008  1.002  1.002  1.007  1.003  1.000  1.020  1.040  1.000  1.043  1.133  1.082  1.006    1.000    1.000     1.000    1.000    1.000    1.000     1.117  1.000    1.000    1.000      1.175     0.0567 +/- 0.0153 ,    18.95 +/-  5.24    (    28 %) 
   113 NJets3_BTags0_MHT1_HT1     98     43.20 +/-   6.28  0.2620   14.36    1.082  1.000  1.000  1.020  1.000  1.000  1.155  1.012  1.000  1.352  1.002  1.403  1.039    1.000    1.000     1.000    1.300  1.000    1.000     1.000    1.000    1.000    1.000      1.509     0.2620 +/- 0.2143 ,    14.36 +/- 12.14    (    85 %) 
   114 NJets3_BTags0_MHT1_HT2    342     68.60 +/-  10.33  0.0445   12.16    1.009  1.002  1.002  1.008  1.003  1.000  1.022  1.044  1.001  1.047  1.148  1.091  1.006    1.000    1.000     1.000    1.000    1.000    1.000     1.000    1.187  1.000    1.000      1.086     0.0445 +/- 0.0124 ,    12.16 +/-  3.51    (    29 %) 
   115 NJets3_BTags0_MHT2_HT1      8      4.80 +/-   1.73  0.1420    0.45    1.167  1.001  1.000  1.041  1.001  1.000  1.317  1.024  1.000  1.718  1.004  1.821  1.079    1.000    1.000     1.000    1.000    2.047  1.000     1.000    1.000    1.000    1.000      1.000       0.1420 +/- 0.2210 ,     0.45 +/-  0.85    (   187 %) 
   116 NJets3_BTags0_MHT2_HT2     61     29.50 +/-   8.31  0.0229    0.72    1.010  1.002  1.002  1.008  1.004  1.000  1.024  1.048  1.001  1.052  1.162  1.099  1.007    1.000    1.000     1.000    1.000    1.000    1.000     1.000    1.000    1.547  1.000      1.000       0.0229 +/- 0.0134 ,     0.72 +/-  0.50    (    69 %) 
   117 NJets3_BTags0_MHT3_HT1      1      1.60 +/-   0.92  0.0597   -0.04    1.167  1.001  1.000  1.041  1.001  1.000  1.317  1.024  1.000  1.718  1.004  1.821  1.079    1.000    1.000     1.000    1.000    1.000    1.674   1.000    1.000    1.000    1.000      1.000       0.0597 +/- 0.0796 ,    -0.04 +/-  0.00    (     0 %) 
   118 NJets3_BTags0_MHT3_HT2      4      3.00 +/-   1.39  0.0454    0.05    1.003  1.001  1.001  1.002  1.001  1.000  1.007  1.014  1.000  1.015  1.046  1.029  1.002    1.000    1.000     1.000    1.000    1.000    1.000     1.000    1.000    1.000    1.161    1.713     0.0454 +/- 0.0333 ,     0.05 +/-  0.12    (     0 %) 
   119 NJets3_BTags1_MHT0_HT1    149     67.30 +/-   8.11  0.0616    5.03    1.167  1.001  1.000  1.041  1.001  1.000  1.317  1.024  1.000  1.718  1.004  1.821  1.079    1.000    1.000     1.518  1.000    1.000    1.000     1.000    1.000    1.000    1.000      1.000       0.0616 +/- 0.0777 ,     5.03 +/-  6.41    (   128 %) 
   120 NJets3_BTags1_MHT0_HT2    346     67.10 +/-   7.50  0.0476   13.28    1.010  1.002  1.002  1.008  1.004  1.000  1.024  1.048  1.001  1.051  1.159  1.098  1.007    1.000    1.000     1.000    1.000    1.000    1.000     1.139  1.000    1.000    1.000      1.017     0.0476 +/- 0.0117 ,    13.28 +/-  3.39    (    26 %) 
   121 NJets3_BTags1_MHT1_HT1    100     47.50 +/-   5.43  0.2178   11.43    1.099  1.000  1.000  1.024  1.000  1.000  1.187  1.014  1.000  1.424  1.002  1.485  1.047    1.000    1.000     1.000    1.361  1.000    1.000     1.000    1.000    1.000    1.000      1.409     0.2178 +/- 0.1899 ,    11.43 +/- 10.28    (    90 %) 
   122 NJets3_BTags1_MHT1_HT2    342     86.30 +/-   9.52  0.0407   10.40    1.010  1.002  1.002  1.008  1.004  1.000  1.024  1.048  1.001  1.052  1.162  1.099  1.007    1.000    1.000     1.000    1.000    1.000    1.000     1.000    1.205  1.000    1.000      1.000       0.0407 +/- 0.0118 ,    10.40 +/-  3.13    (    30 %) 
   123 NJets3_BTags1_MHT2_HT1      5      5.00 +/-   1.31  0.1420   -0.00    1.167  1.001  1.000  1.041  1.001  1.000  1.317  1.024  1.000  1.718  1.004  1.821  1.079    1.000    1.000     1.000    1.000    2.047  1.000     1.000    1.000    1.000    1.000      1.000       0.1420 +/- 0.2210 ,    -0.00 +/-  0.00    (     0 %) 
   124 NJets3_BTags1_MHT2_HT2     68     27.80 +/-   5.99  0.0229    0.92    1.010  1.002  1.002  1.008  1.004  1.000  1.024  1.048  1.001  1.052  1.162  1.099  1.007    1.000    1.000     1.000    1.000    1.000    1.000     1.000    1.000    1.547  1.000      1.000       0.0229 +/- 0.0134 ,     0.92 +/-  0.59    (    64 %) 
   125 NJets3_BTags1_MHT3_HT1      4      0.90 +/-   0.56  0.0597    0.19    1.167  1.001  1.000  1.041  1.001  1.000  1.317  1.024  1.000  1.718  1.004  1.821  1.079    1.000    1.000     1.000    1.000    1.000    1.674   1.000    1.000    1.000    1.000      1.000       0.0597 +/- 0.0796 ,     0.19 +/-  0.28    (   149 %) 
   126 NJets3_BTags1_MHT3_HT2      4      2.20 +/-   0.91  0.0130    0.02    1.010  1.002  1.002  1.008  1.004  1.000  1.024  1.048  1.001  1.052  1.162  1.099  1.007    1.000    1.000     1.000    1.000    1.000    1.000     1.000    1.000    1.000    1.561    1.000       0.0130 +/- 0.0078 ,     0.02 +/-  0.03    (     0 %) 
   127 NJets3_BTags2_MHT0_HT1     77     65.90 +/-   7.40  0.0616    0.68    1.167  1.001  1.000  1.041  1.001  1.000  1.317  1.024  1.000  1.718  1.004  1.821  1.079    1.000    1.000     1.518  1.000    1.000    1.000     1.000    1.000    1.000    1.000      1.000       0.0616 +/- 0.0777 ,     0.68 +/-  1.12    (   163 %) 
   128 NJets3_BTags2_MHT0_HT2    184     56.40 +/-   5.79  0.0468    5.97    1.010  1.002  1.002  1.008  1.004  1.000  1.024  1.048  1.001  1.052  1.162  1.099  1.007    1.000    1.000     1.000    1.000    1.000    1.000     1.142  1.000    1.000    1.000      1.000       0.0468 +/- 0.0117 ,     5.97 +/-  1.64    (    27 %) 
   129 NJets3_BTags2_MHT1_HT1     54     43.70 +/-   8.91  0.1287    1.33    1.167  1.001  1.000  1.041  1.001  1.000  1.317  1.024  1.000  1.718  1.004  1.821  1.079    1.000    1.000     1.000    1.612  1.000    1.000     1.000    1.000    1.000    1.000      1.000       0.1287 +/- 0.1677 ,     1.33 +/-  2.28    (   172 %) 
   130 NJets3_BTags2_MHT1_HT2    159     63.70 +/-   7.61  0.0407    3.88    1.010  1.002  1.002  1.008  1.004  1.000  1.024  1.048  1.001  1.052  1.162  1.099  1.007    1.000    1.000     1.000    1.000    1.000    1.000     1.000    1.205  1.000    1.000      1.000       0.0407 +/- 0.0118 ,     3.88 +/-  1.27    (    33 %) 
   131 NJets3_BTags2_MHT2_HT1      3      1.70 +/-   0.59  0.1420    0.18    1.167  1.001  1.000  1.041  1.001  1.000  1.317  1.024  1.000  1.718  1.004  1.821  1.079    1.000    1.000     1.000    1.000    2.047  1.000     1.000    1.000    1.000    1.000      1.000       0.1420 +/- 0.2210 ,     0.18 +/-  0.39    (   210 %) 
   132 NJets3_BTags2_MHT2_HT2     35     15.60 +/-   3.24  0.0229    0.44    1.010  1.002  1.002  1.008  1.004  1.000  1.024  1.048  1.001  1.052  1.162  1.099  1.007    1.000    1.000     1.000    1.000    1.000    1.000     1.000    1.000    1.547  1.000      1.000       0.0229 +/- 0.0134 ,     0.44 +/-  0.30    (    68 %) 
   133 NJets3_BTags2_MHT3_HT1      1      0.10 +/-   0.10  0.0597    0.05    1.167  1.001  1.000  1.041  1.001  1.000  1.317  1.024  1.000  1.718  1.004  1.821  1.079    1.000    1.000     1.000    1.000    1.000    1.674   1.000    1.000    1.000    1.000      1.000       0.0597 +/- 0.0796 ,     0.05 +/-  0.09    (     0 %) 
   134 NJets3_BTags2_MHT3_HT2      5      2.40 +/-   0.91  0.1242    0.32    1.001  1.000  1.000  1.001  1.000  1.000  1.003  1.005  1.000  1.005  1.017  1.010  1.001    1.000    1.000     1.000    1.000    1.000    1.000     1.000    1.000    1.000    1.059    1.895     0.1242 +/- 0.1114 ,     0.32 +/-  0.42    (   129 %) 
   135 NJets3_BTags3_MHT0_HT1     24     21.30 +/-   3.30  0.0616    0.17    1.167  1.001  1.000  1.041  1.001  1.000  1.317  1.024  1.000  1.718  1.004  1.821  1.079    1.000    1.000     1.518  1.000    1.000    1.000     1.000    1.000    1.000    1.000      1.000       0.0616 +/- 0.0777 ,     0.17 +/-  0.42    (   253 %) 
   136 NJets3_BTags3_MHT0_HT2     60     19.80 +/-   3.82  0.0468    1.88    1.010  1.002  1.002  1.008  1.004  1.000  1.024  1.048  1.001  1.052  1.162  1.099  1.007    1.000    1.000     1.000    1.000    1.000    1.000     1.142  1.000    1.000    1.000      1.000       0.0468 +/- 0.0117 ,     1.88 +/-  0.62    (    33 %) 
   137 NJets3_BTags3_MHT1_HT1     15     10.10 +/-   1.96  0.1287    0.63    1.167  1.001  1.000  1.041  1.001  1.000  1.317  1.024  1.000  1.718  1.004  1.821  1.079    1.000    1.000     1.000    1.612  1.000    1.000     1.000    1.000    1.000    1.000      1.000       0.1287 +/- 0.1677 ,     0.63 +/-  0.99    (   158 %) 
   138 NJets3_BTags3_MHT1_HT2     55     23.80 +/-   4.42  0.0470    1.47    1.009  1.002  1.002  1.007  1.003  1.000  1.021  1.042  1.001  1.045  1.140  1.086  1.006    1.000    1.000     1.000    1.000    1.000    1.000     1.000    1.177  1.000    1.000      1.135     0.0470 +/- 0.0134 ,     1.47 +/-  0.58    (    40 %) 
   139 NJets3_BTags3_MHT2_HT1      1      0.70 +/-   0.50  0.1420    0.04    1.167  1.001  1.000  1.041  1.001  1.000  1.317  1.024  1.000  1.718  1.004  1.821  1.079    1.000    1.000     1.000    1.000    2.047  1.000     1.000    1.000    1.000    1.000      1.000       0.1420 +/- 0.2210 ,     0.04 +/-  0.17    (     0 %) 
   140 NJets3_BTags3_MHT2_HT2     11      7.10 +/-   1.94  0.0515    0.20    1.004  1.001  1.001  1.004  1.002  1.000  1.011  1.022  1.000  1.023  1.072  1.044  1.003    1.000    1.000     1.000    1.000    1.000    1.000     1.000    1.000    1.243  1.000      1.555     0.0515 +/- 0.0315 ,     0.20 +/-  0.23    (   116 %) 
   141 NJets3_BTags3_MHT3_HT1      0      0.30 +/-   1.06  0.0597   -0.02    1.167  1.001  1.000  1.041  1.001  1.000  1.317  1.024  1.000  1.718  1.004  1.821  1.079    1.000    1.000     1.000    1.000    1.000    1.674   1.000    1.000    1.000    1.000      1.000       0.0597 +/- 0.0796 ,    -0.02 +/-  0.00    (     0 %) 
   142 NJets3_BTags3_MHT3_HT2      1      0.20 +/-   0.14  0.0130    0.01    1.010  1.002  1.002  1.008  1.004  1.000  1.024  1.048  1.001  1.052  1.162  1.099  1.007    1.000    1.000     1.000    1.000    1.000    1.000     1.000    1.000    1.000    1.561    1.000       0.0130 +/- 0.0078 ,     0.01 +/-  0.01    (     0 %) 
   143 NJets4_BTags0_MHT0_HT1      4      2.60 +/-   0.73  0.3871    0.54    1.397  1.000  1.000  1.002  1.000  1.000  1.013  1.000  1.000  1.007  1.000  1.601  1.000    1.000    1.000     1.184  1.000    1.000    1.000     1.000    1.000    1.000    1.000      1.646     0.3871 +/- 0.3812 ,     0.54 +/-  0.98    (   181 %) 
   144 NJets4_BTags0_MHT0_HT2     58      6.30 +/-   2.40  0.1365    7.06    1.003  1.000  1.000  1.031  1.000  1.000  1.019  1.003  1.000  1.056  1.001  1.072  1.189    1.000    1.000     1.000    1.000    1.000    1.000     1.105  1.000    1.000    1.000      1.259     0.1365 +/- 0.0479 ,     7.06 +/-  2.71    (    38 %) 
   145 NJets4_BTags0_MHT1_HT1      4      1.40 +/-   0.66  0.2866    0.75    2.121  1.000  1.000  1.004  1.000  1.000  1.036  1.000  1.000  1.021  1.000  2.697  1.001    1.000    1.000     1.000    1.612  1.000    1.000     1.000    1.000    1.000    1.000      1.000       0.2866 +/- 0.6086 ,     0.75 +/-  1.69    (   227 %) 
   146 NJets4_BTags0_MHT1_HT2     42     11.10 +/-   4.84  0.2782    8.59    1.001  1.000  1.000  1.013  1.000  1.000  1.008  1.001  1.000  1.024  1.000  1.031  1.081    1.000    1.000     1.000    1.000    1.000    1.000     1.000    1.065  1.000    1.000      1.684     0.2782 +/- 0.1928 ,     8.59 +/-  6.37    (    74 %) 
   147 NJets4_BTags0_MHT2_HT1      0      0.10 +/-   0.22  0.3163   -0.03    2.121  1.000  1.000  1.004  1.000  1.000  1.036  1.000  1.000  1.021  1.000  2.697  1.001    1.000    1.000     1.000    1.000    2.047  1.000     1.000    1.000    1.000    1.000      1.000       0.3163 +/- 0.7236 ,    -0.03 +/-  0.00    (     0 %) 
   148 NJets4_BTags0_MHT2_HT2      9      4.70 +/-   2.96  0.0495    0.21    1.004  1.000  1.000  1.042  1.000  1.000  1.026  1.004  1.000  1.076  1.001  1.097  1.255    1.000    1.000     1.000    1.000    1.000    1.000     1.000    1.000    1.547  1.000      1.000       0.0495 +/- 0.0306 ,     0.21 +/-  0.25    (   116 %) 
   149 NJets4_BTags0_MHT3_HT1      1      0.10 +/-   0.14  0.1329    0.12    2.121  1.000  1.000  1.004  1.000  1.000  1.036  1.000  1.000  1.021  1.000  2.697  1.001    1.000    1.000     1.000    1.000    1.000    1.674   1.000    1.000    1.000    1.000      1.000       0.1329 +/- 0.2848 ,     0.12 +/-  0.29    (   242 %) 
   150 NJets4_BTags0_MHT3_HT2      0      1.10 +/-   1.28  0.0282   -0.03    1.004  1.000  1.000  1.042  1.000  1.000  1.026  1.004  1.000  1.076  1.001  1.097  1.255    1.000    1.000     1.000    1.000    1.000    1.000     1.000    1.000    1.000    1.561    1.000       0.0282 +/- 0.0178 ,    -0.03 +/-  0.00    (     0 %) 
   151 NJets4_BTags1_MHT0_HT1      9      4.30 +/-   1.05  0.1371    0.64    2.121  1.000  1.000  1.004  1.000  1.000  1.036  1.000  1.000  1.021  1.000  2.697  1.001    1.000    1.000     1.518  1.000    1.000    1.000     1.000    1.000    1.000    1.000      1.000       0.1371 +/- 0.2878 ,     0.64 +/-  1.42    (   221 %) 
   152 NJets4_BTags1_MHT0_HT2     51     14.40 +/-   2.65  0.1101    4.03    1.003  1.000  1.000  1.039  1.000  1.000  1.024  1.003  1.000  1.070  1.001  1.089  1.235    1.000    1.000     1.000    1.000    1.000    1.000     1.130  1.000    1.000    1.000      1.081     0.1101 +/- 0.0337 ,     4.03 +/-  1.49    (    37 %) 
   153 NJets4_BTags1_MHT1_HT1      3      2.90 +/-   0.85  0.2866    0.03    2.121  1.000  1.000  1.004  1.000  1.000  1.036  1.000  1.000  1.021  1.000  2.697  1.001    1.000    1.000     1.000    1.612  1.000    1.000     1.000    1.000    1.000    1.000      1.000       0.2866 +/- 0.6086 ,     0.03 +/-  0.56    (     0 %) 
   154 NJets4_BTags1_MHT1_HT2     53     22.90 +/-   4.46  0.0879    2.65    1.004  1.000  1.000  1.042  1.000  1.000  1.026  1.004  1.000  1.076  1.001  1.097  1.255    1.000    1.000     1.000    1.000    1.000    1.000     1.000    1.205  1.000    1.000      1.000       0.0879 +/- 0.0311 ,     2.65 +/-  1.20    (    45 %) 
   155 NJets4_BTags1_MHT2_HT1      0      0.10 +/-   0.14  0.3163   -0.03    2.121  1.000  1.000  1.004  1.000  1.000  1.036  1.000  1.000  1.021  1.000  2.697  1.001    1.000    1.000     1.000    1.000    2.047  1.000     1.000    1.000    1.000    1.000      1.000       0.3163 +/- 0.7236 ,    -0.03 +/-  0.00    (     0 %) 
   156 NJets4_BTags1_MHT2_HT2     22      6.60 +/-   2.57  0.0508    0.78    1.004  1.000  1.000  1.041  1.000  1.000  1.025  1.004  1.000  1.074  1.001  1.095  1.249    1.000    1.000     1.000    1.000    1.000    1.000     1.000    1.000    1.533  1.000      1.026     0.0508 +/- 0.0306 ,     0.78 +/-  0.54    (    70 %) 
   157 NJets4_BTags1_MHT3_HT1      0      0.10 +/-   0.00  0.1329   -0.01    2.121  1.000  1.000  1.004  1.000  1.000  1.036  1.000  1.000  1.021  1.000  2.697  1.001    1.000    1.000     1.000    1.000    1.000    1.674   1.000    1.000    1.000    1.000      1.000       0.1329 +/- 0.2848 ,    -0.01 +/-  0.00    (     0 %) 
   158 NJets4_BTags1_MHT3_HT2      1      1.30 +/-   1.11  0.0282   -0.01    1.004  1.000  1.000  1.042  1.000  1.000  1.026  1.004  1.000  1.076  1.001  1.097  1.255    1.000    1.000     1.000    1.000    1.000    1.000     1.000    1.000    1.000    1.561    1.000       0.0282 +/- 0.0178 ,    -0.01 +/-  0.00    (     0 %) 
   159 NJets4_BTags2_MHT0_HT1      9      4.10 +/-   1.06  0.1371    0.67    2.121  1.000  1.000  1.004  1.000  1.000  1.036  1.000  1.000  1.021  1.000  2.697  1.001    1.000    1.000     1.518  1.000    1.000    1.000     1.000    1.000    1.000    1.000      1.000       0.1371 +/- 0.2878 ,     0.67 +/-  1.48    (   220 %) 
   160 NJets4_BTags2_MHT0_HT2     45     12.30 +/-   1.83  0.1111    3.63    1.003  1.000  1.000  1.038  1.000  1.000  1.024  1.003  1.000  1.069  1.001  1.089  1.233    1.000    1.000     1.000    1.000    1.000    1.000     1.129  1.000    1.000    1.000      1.089     0.1111 +/- 0.0339 ,     3.63 +/-  1.35    (    37 %) 
   161 NJets4_BTags2_MHT1_HT1      4      3.20 +/-   0.91  0.2866    0.23    2.121  1.000  1.000  1.004  1.000  1.000  1.036  1.000  1.000  1.021  1.000  2.697  1.001    1.000    1.000     1.000    1.612  1.000    1.000     1.000    1.000    1.000    1.000      1.000       0.2866 +/- 0.6086 ,     0.23 +/-  0.80    (   347 %) 
   162 NJets4_BTags2_MHT1_HT2     30     14.60 +/-   2.57  0.0879    1.35    1.004  1.000  1.000  1.042  1.000  1.000  1.026  1.004  1.000  1.076  1.001  1.097  1.255    1.000    1.000     1.000    1.000    1.000    1.000     1.000    1.205  1.000    1.000      1.000       0.0879 +/- 0.0311 ,     1.35 +/-  0.72    (    53 %) 
   163 NJets4_BTags2_MHT2_HT1      0      0.30 +/-   0.30  0.3163   -0.09    2.121  1.000  1.000  1.004  1.000  1.000  1.036  1.000  1.000  1.021  1.000  2.697  1.001    1.000    1.000     1.000    1.000    2.047  1.000     1.000    1.000    1.000    1.000      1.000       0.3163 +/- 0.7236 ,    -0.09 +/-  0.00    (     0 %) 
   164 NJets4_BTags2_MHT2_HT2     12      3.30 +/-   1.12  0.0495    0.43    1.004  1.000  1.000  1.042  1.000  1.000  1.026  1.004  1.000  1.076  1.001  1.097  1.255    1.000    1.000     1.000    1.000    1.000    1.000     1.000    1.000    1.547  1.000      1.000       0.0495 +/- 0.0306 ,     0.43 +/-  0.32    (    75 %) 
   165 NJets4_BTags2_MHT3_HT1      0      0.00 +/-   0.00  0.1329    0.00    2.121  1.000  1.000  1.004  1.000  1.000  1.036  1.000  1.000  1.021  1.000  2.697  1.001    1.000    1.000     1.000    1.000    1.000    1.674   1.000    1.000    1.000    1.000      1.000       0.1329 +/- 0.2848 ,     0.00 +/-  0.00    (     0 %) 
   166 NJets4_BTags2_MHT3_HT2      2      0.40 +/-   0.50  0.0282    0.05    1.004  1.000  1.000  1.042  1.000  1.000  1.026  1.004  1.000  1.076  1.001  1.097  1.255    1.000    1.000     1.000    1.000    1.000    1.000     1.000    1.000    1.000    1.561    1.000       0.0282 +/- 0.0178 ,     0.05 +/-  0.05    (     0 %) 
   167 NJets4_BTags3_MHT0_HT1      3      1.10 +/-   0.49  0.1371    0.26    2.121  1.000  1.000  1.004  1.000  1.000  1.036  1.000  1.000  1.021  1.000  2.697  1.001    1.000    1.000     1.518  1.000    1.000    1.000     1.000    1.000    1.000    1.000      1.000       0.1371 +/- 0.2878 ,     0.26 +/-  0.60    (   230 %) 
   168 NJets4_BTags3_MHT0_HT2      9      3.50 +/-   1.26  0.1502    0.83    1.003  1.000  1.000  1.028  1.000  1.000  1.017  1.002  1.000  1.051  1.001  1.066  1.172    1.000    1.000     1.000    1.000    1.000    1.000     1.095  1.000    1.000    1.000      1.326     0.1502 +/- 0.0588 ,     0.83 +/-  0.59    (    71 %) 
   169 NJets4_BTags3_MHT1_HT1      2      0.60 +/-   0.39  0.2866    0.40    2.121  1.000  1.000  1.004  1.000  1.000  1.036  1.000  1.000  1.021  1.000  2.697  1.001    1.000    1.000     1.000    1.612  1.000    1.000     1.000    1.000    1.000    1.000      1.000       0.2866 +/- 0.6086 ,     0.40 +/-  0.95    (   237 %) 
   170 NJets4_BTags3_MHT1_HT2     15      5.40 +/-   2.04  0.0879    0.84    1.004  1.000  1.000  1.042  1.000  1.000  1.026  1.004  1.000  1.076  1.001  1.097  1.255    1.000    1.000     1.000    1.000    1.000    1.000     1.000    1.205  1.000    1.000      1.000       0.0879 +/- 0.0311 ,     0.84 +/-  0.49    (    58 %) 
   171 NJets4_BTags3_MHT2_HT1      0      0.00 +/-   0.00  0.3163    0.00    2.121  1.000  1.000  1.004  1.000  1.000  1.036  1.000  1.000  1.021  1.000  2.697  1.001    1.000    1.000     1.000    1.000    2.047  1.000     1.000    1.000    1.000    1.000      1.000       0.3163 +/- 0.7236 ,     0.00 +/-  0.00    (     0 %) 
   172 NJets4_BTags3_MHT2_HT2      5      0.80 +/-   0.45  0.0495    0.21    1.004  1.000  1.000  1.042  1.000  1.000  1.026  1.004  1.000  1.076  1.001  1.097  1.255    1.000    1.000     1.000    1.000    1.000    1.000     1.000    1.000    1.547  1.000      1.000       0.0495 +/- 0.0306 ,     0.21 +/-  0.17    (    82 %) 
   173 NJets4_BTags3_MHT3_HT1      0      0.00 +/-   0.00  0.1329    0.00    2.121  1.000  1.000  1.004  1.000  1.000  1.036  1.000  1.000  1.021  1.000  2.697  1.001    1.000    1.000     1.000    1.000    1.000    1.674   1.000    1.000    1.000    1.000      1.000       0.1329 +/- 0.2848 ,     0.00 +/-  0.00    (     0 %) 
   174 NJets4_BTags3_MHT3_HT2      0      0.30 +/-   0.36  0.0282   -0.01    1.004  1.000  1.000  1.042  1.000  1.000  1.026  1.004  1.000  1.076  1.001  1.097  1.255    1.000    1.000     1.000    1.000    1.000    1.000     1.000    1.000    1.000    1.561    1.000       0.0282 +/- 0.0178 ,    -0.01 +/-  0.00    (     0 %) 
