          Search bin            N_ldp   Nnonqcd +/- err             Rqcd  Rqcd*Nqldp Kht1   Kht2   Kht3    Snj2   Snj3   Snj4    Sh1m1  Sh1m2   Sh2m1  Sh2m2  Sh2m3  Sh2m4  Sh3m1  Sh3m2  Sh3m3  Sh3m4      MCC      Rqcd +/- err        Model Nqcd_hdp
     1 NJets0-BTags0-MHT0-HT0    953    638.30 +/-  54.02  0.2092   65.83   2.087  1.000  1.000   1.000  1.000  1.000   1.770  1.000   1.000  1.000  1.000  1.000   1.000  1.000  1.000  1.000   1.000      0.2092 +/- 0.2786 ,    65.83 +/- 88.65   
     2 NJets0-BTags0-MHT0-HT1   3389   1064.50 +/-  79.62  0.0413   95.96   1.000  1.352  1.000   1.000  1.000  1.000   1.000  1.000   1.580  1.000  1.000  1.000   1.000  1.000  1.000  1.000   1.000      0.0413 +/- 0.0280 ,    95.96 +/- 65.23   
     3 NJets0-BTags0-MHT0-HT2   1898    124.50 +/-  10.88  0.0183   32.40   1.000  1.000  1.238   1.000  1.000  1.000   1.000  1.000   1.000  1.000  1.000  1.000   1.150  1.000  1.000  1.000   1.000      0.0183 +/- 0.0051 ,    32.40 +/-  9.14   
     4 NJets0-BTags0-MHT1-HT3    243    179.20 +/-  15.24  0.1485    9.48   2.087  1.000  1.000   1.000  1.000  1.000   1.000  2.000   1.000  1.000  1.000  1.000   1.000  1.000  1.000  1.000   1.000      0.1485 +/- 0.2194 ,     9.48 +/- 14.36   
     5 NJets0-BTags0-MHT1-HT4   2432   1227.60 +/-  96.36  0.0322   38.78   1.000  1.352  1.000   1.000  1.000  1.000   1.000  1.000   1.000  1.700  1.000  1.000   1.000  1.000  1.000  1.000   1.000      0.0322 +/- 0.0252 ,    38.78 +/- 30.58   
     6 NJets0-BTags0-MHT1-HT5   1789    178.70 +/-  14.96  0.0140   22.55   1.000  1.000  1.238   1.000  1.000  1.000   1.000  1.000   1.000  1.000  1.000  1.000   1.000  1.210  1.000  1.000   1.074      0.0140 +/- 0.0046 ,    22.55 +/-  7.37   
     7 NJets0-BTags0-MHT2-HT6    344    242.80 +/-  19.83  0.0733    7.42   1.000  1.352  1.000   1.000  1.000  1.000   1.000  1.000   1.000  1.000  2.110  1.000   1.000  1.000  1.000  1.000   1.116      0.0733 +/- 0.0857 ,     7.42 +/-  8.90   
     8 NJets0-BTags0-MHT2-HT7    416    101.50 +/-  10.81  0.0113    3.56   1.000  1.000  1.238   1.000  1.000  1.000   1.000  1.000   1.000  1.000  1.000  1.000   1.000  1.000  1.570  1.000   1.000      0.0113 +/- 0.0070 ,     3.56 +/-  2.22   
     9 NJets0-BTags0-MHT3-HT8     42     27.10 +/-   3.74  0.0660    0.98   1.000  1.352  1.000   1.000  1.000  1.000   1.000  1.000   1.000  1.000  1.000  1.880   1.000  1.000  1.000  1.000   1.000      0.0660 +/- 0.0626 ,     0.98 +/-  1.06   
    10 NJets0-BTags0-MHT3-HT9     45      6.60 +/-   1.77  0.0064    0.25   1.000  1.000  1.238   1.000  1.000  1.000   1.000  1.000   1.000  1.000  1.000  1.000   1.000  1.000  1.000  1.560   1.000      0.0064 +/- 0.0039 ,     0.25 +/-  0.16   
    11 NJets0-BTags1-MHT0-HT0    195    148.20 +/-  14.83  0.2092    9.79   2.087  1.000  1.000   1.000  1.000  1.000   1.770  1.000   1.000  1.000  1.000  1.000   1.000  1.000  1.000  1.000   1.000      0.2092 +/- 0.2786 ,     9.79 +/- 13.72   
    12 NJets0-BTags1-MHT0-HT1   1027    339.80 +/-  33.15  0.0429   29.51   1.000  1.352  1.000   1.000  1.000  1.000   1.000  1.000   1.580  1.000  1.000  1.000   1.000  1.000  1.000  1.000   1.039      0.0429 +/- 0.0292 ,    29.51 +/- 20.15   
    13 NJets0-BTags1-MHT0-HT2    810     54.70 +/-   5.86  0.0183   13.80   1.000  1.000  1.238   1.000  1.000  1.000   1.000  1.000   1.000  1.000  1.000  1.000   1.150  1.000  1.000  1.000   1.000      0.0183 +/- 0.0051 ,    13.80 +/-  3.91   
    14 NJets0-BTags1-MHT1-HT3     46     41.80 +/-   4.92  0.1485    0.62   2.087  1.000  1.000   1.000  1.000  1.000   1.000  2.000   1.000  1.000  1.000  1.000   1.000  1.000  1.000  1.000   1.000      0.1485 +/- 0.2194 ,     0.62 +/-  1.55   
    15 NJets0-BTags1-MHT1-HT4    671    331.40 +/-  33.63  0.0383   13.01   1.000  1.352  1.000   1.000  1.000  1.000   1.000  1.000   1.000  1.700  1.000  1.000   1.000  1.000  1.000  1.000   1.159      0.0383 +/- 0.0306 ,    13.01 +/- 10.53   
    16 NJets0-BTags1-MHT1-HT5    665     76.80 +/-   8.11  0.0130    7.63   1.000  1.000  1.238   1.000  1.000  1.000   1.000  1.000   1.000  1.000  1.000  1.000   1.000  1.210  1.000  1.000   1.000      0.0130 +/- 0.0041 ,     7.63 +/-  2.44   
    17 NJets0-BTags1-MHT2-HT6     89     54.00 +/-   7.39  0.0648    2.27   1.000  1.352  1.000   1.000  1.000  1.000   1.000  1.000   1.000  1.000  2.110  1.000   1.000  1.000  1.000  1.000   1.000      0.0648 +/- 0.0755 ,     2.27 +/-  2.75   
    18 NJets0-BTags1-MHT2-HT7    129     34.40 +/-   4.76  0.0113    1.07   1.000  1.000  1.238   1.000  1.000  1.000   1.000  1.000   1.000  1.000  1.000  1.000   1.000  1.000  1.570  1.000   1.000      0.0113 +/- 0.0070 ,     1.07 +/-  0.68   
    19 NJets0-BTags1-MHT3-HT8     13      6.70 +/-   1.33  0.0660    0.42   1.000  1.352  1.000   1.000  1.000  1.000   1.000  1.000   1.000  1.000  1.000  1.880   1.000  1.000  1.000  1.000   1.000      0.0660 +/- 0.0626 ,     0.42 +/-  0.47   
    20 NJets0-BTags1-MHT3-HT9     20      2.10 +/-   0.76  0.0064    0.11   1.000  1.000  1.238   1.000  1.000  1.000   1.000  1.000   1.000  1.000  1.000  1.000   1.000  1.000  1.000  1.560   1.000      0.0064 +/- 0.0039 ,     0.11 +/-  0.08   
    21 NJets0-BTags2-MHT0-HT0     31     25.70 +/-   4.15  0.2092    1.11   2.087  1.000  1.000   1.000  1.000  1.000   1.770  1.000   1.000  1.000  1.000  1.000   1.000  1.000  1.000  1.000   1.000      0.2092 +/- 0.2786 ,     1.11 +/-  2.07   
    22 NJets0-BTags2-MHT0-HT1    198     82.60 +/-   9.22  0.0431    4.97   1.000  1.352  1.000   1.000  1.000  1.000   1.000  1.000   1.580  1.000  1.000  1.000   1.000  1.000  1.000  1.000   1.042      0.0431 +/- 0.0293 ,     4.97 +/-  3.46   
    23 NJets0-BTags2-MHT0-HT2    150     19.80 +/-   3.48  0.0305    3.97   1.000  1.000  1.238   1.000  1.000  1.000   1.000  1.000   1.000  1.000  1.000  1.000   1.150  1.000  1.000  1.000   1.401      0.0305 +/- 0.0150 ,     3.97 +/-  1.98   
    24 NJets0-BTags2-MHT1-HT3      9      6.40 +/-   1.75  0.1485    0.39   2.087  1.000  1.000   1.000  1.000  1.000   1.000  2.000   1.000  1.000  1.000  1.000   1.000  1.000  1.000  1.000   1.000      0.1485 +/- 0.2194 ,     0.39 +/-  0.77   
    25 NJets0-BTags2-MHT1-HT4    134     84.20 +/-  10.72  0.0386    1.92   1.000  1.352  1.000   1.000  1.000  1.000   1.000  1.000   1.000  1.700  1.000  1.000   1.000  1.000  1.000  1.000   1.166      0.0386 +/- 0.0309 ,     1.92 +/-  1.66   
    26 NJets0-BTags2-MHT1-HT5    133     23.80 +/-   4.37  0.0130    1.42   1.000  1.000  1.238   1.000  1.000  1.000   1.000  1.000   1.000  1.000  1.000  1.000   1.000  1.210  1.000  1.000   1.000      0.0130 +/- 0.0041 ,     1.42 +/-  0.48   
    27 NJets0-BTags2-MHT2-HT6     17     13.30 +/-   2.89  0.0648    0.24   1.000  1.352  1.000   1.000  1.000  1.000   1.000  1.000   1.000  1.000  2.110  1.000   1.000  1.000  1.000  1.000   1.000      0.0648 +/- 0.0755 ,     0.24 +/-  0.43   
    28 NJets0-BTags2-MHT2-HT7     17     12.60 +/-   3.28  0.0211    0.09   1.000  1.000  1.238   1.000  1.000  1.000   1.000  1.000   1.000  1.000  1.000  1.000   1.000  1.000  1.570  1.000   1.463      0.0211 +/- 0.0163 ,     0.09 +/-  0.13   
    29 NJets0-BTags2-MHT3-HT8      0      1.30 +/-   0.71  0.1381   -0.18   1.000  1.352  1.000   1.000  1.000  1.000   1.000  1.000   1.000  1.000  1.000  1.880   1.000  1.000  1.000  1.000   1.522      0.1381 +/- 0.1494 ,    -0.18 +/-  0.00   
    30 NJets0-BTags2-MHT3-HT9      2      0.90 +/-   0.76  0.0698    0.08   1.000  1.000  1.238   1.000  1.000  1.000   1.000  1.000   1.000  1.000  1.000  1.000   1.000  1.000  1.000  1.560   1.908      0.0698 +/- 0.0763 ,     0.08 +/-  0.14   
    31 NJets0-BTags3-MHT0-HT0      6      3.00 +/-   1.40  0.2092    0.63   2.087  1.000  1.000   1.000  1.000  1.000   1.770  1.000   1.000  1.000  1.000  1.000   1.000  1.000  1.000  1.000   1.000      0.2092 +/- 0.2786 ,     0.63 +/-  1.02   
    32 NJets0-BTags3-MHT0-HT1     17      7.50 +/-   2.31  0.0796    0.76   1.000  1.352  1.000   1.000  1.000  1.000   1.000  1.000   1.580  1.000  1.000  1.000   1.000  1.000  1.000  1.000   1.481      0.0796 +/- 0.0662 ,     0.76 +/-  0.73   
    33 NJets0-BTags3-MHT0-HT2     12      0.90 +/-   0.55  0.0779    0.86   1.000  1.000  1.238   1.000  1.000  1.000   1.000  1.000   1.000  1.000  1.000  1.000   1.150  1.000  1.000  1.000   1.765      0.0779 +/- 0.0635 ,     0.86 +/-  0.76   
    34 NJets0-BTags3-MHT1-HT3      0      1.10 +/-   0.77  0.1485   -0.16   2.087  1.000  1.000   1.000  1.000  1.000   1.000  2.000   1.000  1.000  1.000  1.000   1.000  1.000  1.000  1.000   1.000      0.1485 +/- 0.2194 ,    -0.16 +/-  0.00   
    35 NJets0-BTags3-MHT1-HT4      8      9.60 +/-   2.92  0.0322   -0.05   1.000  1.352  1.000   1.000  1.000  1.000   1.000  1.000   1.000  1.700  1.000  1.000   1.000  1.000  1.000  1.000   1.000      0.0322 +/- 0.0252 ,    -0.05 +/-  0.00   
    36 NJets0-BTags3-MHT1-HT5     18      2.10 +/-   0.85  0.0397    0.63   1.000  1.000  1.238   1.000  1.000  1.000   1.000  1.000   1.000  1.000  1.000  1.000   1.000  1.210  1.000  1.000   1.673      0.0397 +/- 0.0295 ,     0.63 +/-  0.50   
    37 NJets0-BTags3-MHT2-HT6      1      1.50 +/-   0.82  0.0648   -0.03   1.000  1.352  1.000   1.000  1.000  1.000   1.000  1.000   1.000  1.000  2.110  1.000   1.000  1.000  1.000  1.000   1.000      0.0648 +/- 0.0755 ,    -0.03 +/-  0.00   
    38 NJets0-BTags3-MHT2-HT7      2      0.90 +/-   0.73  0.0510    0.06   1.000  1.000  1.238   1.000  1.000  1.000   1.000  1.000   1.000  1.000  1.000  1.000   1.000  1.000  1.570  1.000   1.778      0.0510 +/- 0.0506 ,     0.06 +/-  0.10   
    39 NJets0-BTags3-MHT3-HT8      0      0.00 +/-   0.50  0.1988    0.00   1.000  1.352  1.000   1.000  1.000  1.000   1.000  1.000   1.000  1.000  1.000  1.880   1.000  1.000  1.000  1.000   1.668      0.1988 +/- 0.2305 ,     0.00 +/-  0.00   
    40 NJets0-BTags3-MHT3-HT9      0      0.00 +/-   0.50  0.0064    0.00   1.000  1.000  1.238   1.000  1.000  1.000   1.000  1.000   1.000  1.000  1.000  1.000   1.000  1.000  1.000  1.560   1.000      0.0064 +/- 0.0039 ,     0.00 +/-  0.00   
    41 NJets1-BTags0-MHT0-HT0     66     37.00 +/-   4.70  0.3060    8.88   2.087  1.000  1.000   1.344  1.000  1.000   1.770  1.000   1.000  1.000  1.000  1.000   1.000  1.000  1.000  1.000   1.000      0.3060 +/- 0.4211 ,     8.88 +/- 12.54   
    42 NJets1-BTags0-MHT0-HT1    736    288.90 +/-  22.11  0.0631   28.21   1.000  1.352  1.000   1.344  1.000  1.000   1.000  1.000   1.580  1.000  1.000  1.000   1.000  1.000  1.000  1.000   1.043      0.0631 +/- 0.0481 ,    28.21 +/- 21.61   
    43 NJets1-BTags0-MHT0-HT2    946     68.30 +/-   6.51  0.0267   23.46   1.000  1.000  1.238   1.344  1.000  1.000   1.000  1.000   1.000  1.000  1.000  1.000   1.150  1.000  1.000  1.000   1.000      0.0267 +/- 0.0119 ,    23.46 +/- 10.46   
    44 NJets1-BTags0-MHT1-HT3     15      6.00 +/-   1.48  0.2173    1.96   2.087  1.000  1.000   1.344  1.000  1.000   1.000  2.000   1.000  1.000  1.000  1.000   1.000  1.000  1.000  1.000   1.000      0.2173 +/- 0.3295 ,     1.96 +/-  3.10   
    45 NJets1-BTags0-MHT1-HT4    478    247.60 +/-  19.90  0.0530   12.22   1.000  1.352  1.000   1.344  1.000  1.000   1.000  1.000   1.000  1.700  1.000  1.000   1.000  1.000  1.000  1.000   1.112      0.0530 +/- 0.0458 ,    12.22 +/- 10.66   
    46 NJets1-BTags0-MHT1-HT5    829    110.70 +/-  11.02  0.0222   15.92   1.000  1.000  1.238   1.344  1.000  1.000   1.000  1.000   1.000  1.000  1.000  1.000   1.000  1.210  1.000  1.000   1.144      0.0222 +/- 0.0109 ,    15.92 +/-  7.83   
    47 NJets1-BTags0-MHT2-HT6     45     34.10 +/-   4.05  0.0948    1.03   1.000  1.352  1.000   1.344  1.000  1.000   1.000  1.000   1.000  1.000  2.110  1.000   1.000  1.000  1.000  1.000   1.000      0.0948 +/- 0.1151 ,     1.03 +/-  1.46   
    48 NJets1-BTags0-MHT2-HT7    181     43.60 +/-   5.18  0.0166    2.28   1.000  1.000  1.238   1.344  1.000  1.000   1.000  1.000   1.000  1.000  1.000  1.000   1.000  1.000  1.570  1.000   1.000      0.0166 +/- 0.0117 ,     2.28 +/-  1.63   
    49 NJets1-BTags0-MHT3-HT8      3      6.70 +/-   1.58  0.0966   -0.36   1.000  1.352  1.000   1.344  1.000  1.000   1.000  1.000   1.000  1.000  1.000  1.880   1.000  1.000  1.000  1.000   1.000      0.0966 +/- 0.0974 ,    -0.36 +/-  0.00   
    50 NJets1-BTags0-MHT3-HT9     21      7.50 +/-   2.41  0.0112    0.15   1.000  1.000  1.238   1.344  1.000  1.000   1.000  1.000   1.000  1.000  1.000  1.000   1.000  1.000  1.000  1.560   1.163      0.0112 +/- 0.0080 ,     0.15 +/-  0.12   
    51 NJets1-BTags1-MHT0-HT0     23     18.00 +/-   3.10  0.5560    2.78   2.087  1.000  1.000   1.344  1.000  1.000   1.770  1.000   1.000  1.000  1.000  1.000   1.000  1.000  1.000  1.000   1.450      0.5560 +/- 0.8048 ,     2.78 +/-  5.13   
    52 NJets1-BTags1-MHT0-HT1    425    197.20 +/-  18.55  0.0604   13.76   1.000  1.352  1.000   1.344  1.000  1.000   1.000  1.000   1.580  1.000  1.000  1.000   1.000  1.000  1.000  1.000   1.000      0.0604 +/- 0.0460 ,    13.76 +/- 10.60   
    53 NJets1-BTags1-MHT0-HT2    501     63.30 +/-   7.02  0.0270   11.81   1.000  1.000  1.238   1.344  1.000  1.000   1.000  1.000   1.000  1.000  1.000  1.000   1.150  1.000  1.000  1.000   1.010      0.0270 +/- 0.0120 ,    11.81 +/-  5.29   
    54 NJets1-BTags1-MHT1-HT3      6      3.80 +/-   1.23  0.2173    0.48   2.087  1.000  1.000   1.344  1.000  1.000   1.000  2.000   1.000  1.000  1.000  1.000   1.000  1.000  1.000  1.000   1.000      0.2173 +/- 0.3295 ,     0.48 +/-  0.94   
    55 NJets1-BTags1-MHT1-HT4    246    146.90 +/-  14.96  0.0471    4.67   1.000  1.352  1.000   1.344  1.000  1.000   1.000  1.000   1.000  1.700  1.000  1.000   1.000  1.000  1.000  1.000   1.000      0.0471 +/- 0.0403 ,     4.67 +/-  4.12   
    56 NJets1-BTags1-MHT1-HT5    433     93.10 +/-   9.63  0.0190    6.45   1.000  1.000  1.238   1.344  1.000  1.000   1.000  1.000   1.000  1.000  1.000  1.000   1.000  1.210  1.000  1.000   1.000      0.0190 +/- 0.0089 ,     6.45 +/-  3.05   
    57 NJets1-BTags1-MHT2-HT6     19     16.80 +/-   2.51  0.0948    0.21   1.000  1.352  1.000   1.344  1.000  1.000   1.000  1.000   1.000  1.000  2.110  1.000   1.000  1.000  1.000  1.000   1.000      0.0948 +/- 0.1151 ,     0.21 +/-  0.54   
    58 NJets1-BTags1-MHT2-HT7     87     30.20 +/-   4.48  0.0166    0.94   1.000  1.000  1.238   1.344  1.000  1.000   1.000  1.000   1.000  1.000  1.000  1.000   1.000  1.000  1.570  1.000   1.000      0.0166 +/- 0.0117 ,     0.94 +/-  0.69   
    59 NJets1-BTags1-MHT3-HT8      5      2.20 +/-   0.81  0.0966    0.27   1.000  1.352  1.000   1.344  1.000  1.000   1.000  1.000   1.000  1.000  1.000  1.880   1.000  1.000  1.000  1.000   1.000      0.0966 +/- 0.0974 ,     0.27 +/-  0.36   
    60 NJets1-BTags1-MHT3-HT9     14      3.90 +/-   1.56  0.0177    0.18   1.000  1.000  1.238   1.344  1.000  1.000   1.000  1.000   1.000  1.000  1.000  1.000   1.000  1.000  1.000  1.560   1.472      0.0177 +/- 0.0150 ,     0.18 +/-  0.17   
    61 NJets1-BTags2-MHT0-HT0      4      5.80 +/-   1.63  0.3060   -0.55   2.087  1.000  1.000   1.344  1.000  1.000   1.770  1.000   1.000  1.000  1.000  1.000   1.000  1.000  1.000  1.000   1.000      0.3060 +/- 0.4211 ,    -0.55 +/-  0.00   
    62 NJets1-BTags2-MHT0-HT1    136     91.50 +/-   9.54  0.0604    2.69   1.000  1.352  1.000   1.344  1.000  1.000   1.000  1.000   1.580  1.000  1.000  1.000   1.000  1.000  1.000  1.000   1.000      0.0604 +/- 0.0460 ,     2.69 +/-  2.24   
    63 NJets1-BTags2-MHT0-HT2    153     31.70 +/-   4.38  0.0267    3.24   1.000  1.000  1.238   1.344  1.000  1.000   1.000  1.000   1.000  1.000  1.000  1.000   1.150  1.000  1.000  1.000   1.000      0.0267 +/- 0.0119 ,     3.24 +/-  1.48   
    64 NJets1-BTags2-MHT1-HT3      3      1.10 +/-   0.72  0.2173    0.41   2.087  1.000  1.000   1.344  1.000  1.000   1.000  2.000   1.000  1.000  1.000  1.000   1.000  1.000  1.000  1.000   1.000      0.2173 +/- 0.3295 ,     0.41 +/-  0.75   
    65 NJets1-BTags2-MHT1-HT4    100     64.10 +/-   7.42  0.0471    1.69   1.000  1.352  1.000   1.344  1.000  1.000   1.000  1.000   1.000  1.700  1.000  1.000   1.000  1.000  1.000  1.000   1.000      0.0471 +/- 0.0403 ,     1.69 +/-  1.56   
    66 NJets1-BTags2-MHT1-HT5    126     48.50 +/-   5.71  0.0190    1.47   1.000  1.000  1.238   1.344  1.000  1.000   1.000  1.000   1.000  1.000  1.000  1.000   1.000  1.210  1.000  1.000   1.000      0.0190 +/- 0.0089 ,     1.47 +/-  0.73   
    67 NJets1-BTags2-MHT2-HT6      7      4.50 +/-   1.09  0.0948    0.24   1.000  1.352  1.000   1.344  1.000  1.000   1.000  1.000   1.000  1.000  2.110  1.000   1.000  1.000  1.000  1.000   1.000      0.0948 +/- 0.1151 ,     0.24 +/-  0.40   
    68 NJets1-BTags2-MHT2-HT7     24     13.50 +/-   2.66  0.0203    0.21   1.000  1.000  1.238   1.344  1.000  1.000   1.000  1.000   1.000  1.000  1.000  1.000   1.000  1.000  1.570  1.000   1.185      0.0203 +/- 0.0149 ,     0.21 +/-  0.19   
    69 NJets1-BTags2-MHT3-HT8      1      0.80 +/-   0.62  0.0966    0.02   1.000  1.352  1.000   1.344  1.000  1.000   1.000  1.000   1.000  1.000  1.000  1.880   1.000  1.000  1.000  1.000   1.000      0.0966 +/- 0.0974 ,     0.02 +/-  0.12   
    70 NJets1-BTags2-MHT3-HT9      1      0.60 +/-   0.61  0.0094    0.00   1.000  1.000  1.238   1.344  1.000  1.000   1.000  1.000   1.000  1.000  1.000  1.000   1.000  1.000  1.000  1.560   1.000      0.0094 +/- 0.0065 ,     0.00 +/-  0.01   
    71 NJets1-BTags3-MHT0-HT0      1      0.50 +/-   0.52  0.3060    0.15   2.087  1.000  1.000   1.344  1.000  1.000   1.770  1.000   1.000  1.000  1.000  1.000   1.000  1.000  1.000  1.000   1.000      0.3060 +/- 0.4211 ,     0.15 +/-  0.40   
    72 NJets1-BTags3-MHT0-HT1     27     15.60 +/-   3.16  0.1339    1.53   1.000  1.352  1.000   1.344  1.000  1.000   1.000  1.000   1.580  1.000  1.000  1.000   1.000  1.000  1.000  1.000   1.549      0.1339 +/- 0.1257 ,     1.53 +/-  1.65   
    73 NJets1-BTags3-MHT0-HT2     21      6.90 +/-   1.81  0.0401    0.57   1.000  1.000  1.238   1.344  1.000  1.000   1.000  1.000   1.000  1.000  1.000  1.000   1.150  1.000  1.000  1.000   1.334      0.0401 +/- 0.0223 ,     0.57 +/-  0.37   
    74 NJets1-BTags3-MHT1-HT3      0      0.20 +/-   0.54  0.2173   -0.04   2.087  1.000  1.000   1.344  1.000  1.000   1.000  2.000   1.000  1.000  1.000  1.000   1.000  1.000  1.000  1.000   1.000      0.2173 +/- 0.3295 ,    -0.04 +/-  0.00   
    75 NJets1-BTags3-MHT1-HT4     18     11.40 +/-   2.42  0.0471    0.31   1.000  1.352  1.000   1.344  1.000  1.000   1.000  1.000   1.000  1.700  1.000  1.000   1.000  1.000  1.000  1.000   1.000      0.0471 +/- 0.0403 ,     0.31 +/-  0.35   
    76 NJets1-BTags3-MHT1-HT5     33      9.10 +/-   2.17  0.0565    1.35   1.000  1.000  1.238   1.344  1.000  1.000   1.000  1.000   1.000  1.000  1.000  1.000   1.000  1.210  1.000  1.000   1.664      0.0565 +/- 0.0459 ,     1.35 +/-  1.15   
    77 NJets1-BTags3-MHT2-HT6      1      0.50 +/-   0.55  0.0948    0.05   1.000  1.352  1.000   1.344  1.000  1.000   1.000  1.000   1.000  1.000  2.110  1.000   1.000  1.000  1.000  1.000   1.000      0.0948 +/- 0.1151 ,     0.05 +/-  0.12   
    78 NJets1-BTags3-MHT2-HT7      9      1.10 +/-   0.67  0.0166    0.13   1.000  1.000  1.238   1.344  1.000  1.000   1.000  1.000   1.000  1.000  1.000  1.000   1.000  1.000  1.570  1.000   1.000      0.0166 +/- 0.0117 ,     0.13 +/-  0.11   
    79 NJets1-BTags3-MHT3-HT8      0      0.00 +/-   0.50  0.0966    0.00   1.000  1.352  1.000   1.344  1.000  1.000   1.000  1.000   1.000  1.000  1.000  1.880   1.000  1.000  1.000  1.000   1.000      0.0966 +/- 0.0974 ,     0.00 +/-  0.00   
    80 NJets1-BTags3-MHT3-HT9      0      0.00 +/-   0.50  0.0094    0.00   1.000  1.000  1.238   1.344  1.000  1.000   1.000  1.000   1.000  1.000  1.000  1.000   1.000  1.000  1.000  1.560   1.000      0.0094 +/- 0.0065 ,     0.00 +/-  0.00   
    81 NJets2-BTags0-MHT0-HT0      2      0.60 +/-   0.64  0.0000    0.00   2.087  1.000  1.000   1.000  1.410  1.000   1.770  1.000   1.000  1.000  1.000  1.000   1.000  1.000  1.000  1.000   1.000      0.0000 +/- 0.0000 ,     0.00 +/-  0.00   
    82 NJets2-BTags0-MHT0-HT1     66     24.50 +/-   3.36  0.1502    6.23   1.000  1.352  1.000   1.000  1.410  1.000   1.000  1.000   1.580  1.000  1.000  1.000   1.000  1.000  1.000  1.000   1.201      0.1502 +/- 0.1228 ,     6.23 +/-  5.26   
    83 NJets2-BTags0-MHT0-HT2    181     19.60 +/-   2.75  0.0623   10.06   1.000  1.000  1.238   1.000  1.410  1.000   1.000  1.000   1.000  1.000  1.000  1.000   1.150  1.000  1.000  1.000   1.148      0.0623 +/- 0.0323 ,    10.06 +/-  5.28   
    84 NJets2-BTags0-MHT1-HT3      0      0.40 +/-   0.67  0.0000   -0.00   2.087  1.000  1.000   1.000  1.410  1.000   1.000  2.000   1.000  1.000  1.000  1.000   1.000  1.000  1.000  1.000   1.000      0.0000 +/- 0.0000 ,    -0.00 +/-  0.00   
    85 NJets2-BTags0-MHT1-HT4     39     19.30 +/-   3.14  0.1872    3.69   1.000  1.352  1.000   1.000  1.410  1.000   1.000  1.000   1.000  1.700  1.000  1.000   1.000  1.000  1.000  1.000   1.500      0.1872 +/- 0.1901 ,     3.69 +/-  3.97   
    86 NJets2-BTags0-MHT1-HT5    162     23.10 +/-   3.12  0.0403    5.60   1.000  1.000  1.238   1.000  1.410  1.000   1.000  1.000   1.000  1.000  1.000  1.000   1.000  1.210  1.000  1.000   1.064      0.0403 +/- 0.0210 ,     5.60 +/-  2.97   
    87 NJets2-BTags0-MHT2-HT6      4      2.30 +/-   0.98  0.1885    0.32   1.000  1.352  1.000   1.000  1.410  1.000   1.000  1.000   1.000  1.000  2.110  1.000   1.000  1.000  1.000  1.000   1.000      0.1885 +/- 0.2326 ,     0.32 +/-  0.58   
    88 NJets2-BTags0-MHT2-HT7     32     10.60 +/-   1.98  0.0329    0.70   1.000  1.000  1.238   1.000  1.410  1.000   1.000  1.000   1.000  1.000  1.000  1.000   1.000  1.000  1.570  1.000   1.000      0.0329 +/- 0.0244 ,     0.70 +/-  0.56   
    89 NJets2-BTags0-MHT3-HT8      1      0.80 +/-   0.60  0.1921    0.04   1.000  1.352  1.000   1.000  1.410  1.000   1.000  1.000   1.000  1.000  1.000  1.880   1.000  1.000  1.000  1.000   1.000      0.1921 +/- 0.1983 ,     0.04 +/-  0.23   
    90 NJets2-BTags0-MHT3-HT9      5      1.80 +/-   0.85  0.0406    0.13   1.000  1.000  1.238   1.000  1.410  1.000   1.000  1.000   1.000  1.000  1.000  1.000   1.000  1.000  1.000  1.560   1.542      0.0406 +/- 0.0370 ,     0.13 +/-  0.15   
    91 NJets2-BTags1-MHT0-HT0      1      0.10 +/-   0.52  0.0000    0.00   2.087  1.000  1.000   1.000  1.410  1.000   1.770  1.000   1.000  1.000  1.000  1.000   1.000  1.000  1.000  1.000   1.000      0.0000 +/- 0.0000 ,     0.00 +/-  0.00   
    92 NJets2-BTags1-MHT0-HT1     43     30.60 +/-   3.65  0.1200    1.49   1.000  1.352  1.000   1.000  1.410  1.000   1.000  1.000   1.580  1.000  1.000  1.000   1.000  1.000  1.000  1.000   1.000      0.1200 +/- 0.0951 ,     1.49 +/-  1.48   
    93 NJets2-BTags1-MHT0-HT2    148     34.70 +/-   5.10  0.0537    6.08   1.000  1.000  1.238   1.000  1.410  1.000   1.000  1.000   1.000  1.000  1.000  1.000   1.150  1.000  1.000  1.000   1.010      0.0537 +/- 0.0267 ,     6.08 +/-  3.10   
    94 NJets2-BTags1-MHT1-HT3      0      0.20 +/-   1.02  0.0000   -0.00   2.087  1.000  1.000   1.000  1.410  1.000   1.000  2.000   1.000  1.000  1.000  1.000   1.000  1.000  1.000  1.000   1.000      0.0000 +/- 0.0000 ,    -0.00 +/-  0.00   
    95 NJets2-BTags1-MHT1-HT4     41     20.40 +/-   2.87  0.1908    3.93   1.000  1.352  1.000   1.000  1.410  1.000   1.000  1.000   1.000  1.700  1.000  1.000   1.000  1.000  1.000  1.000   1.509      0.1908 +/- 0.1947 ,     3.93 +/-  4.23   
    96 NJets2-BTags1-MHT1-HT5    109     34.90 +/-   4.06  0.0377    2.80   1.000  1.000  1.238   1.000  1.410  1.000   1.000  1.000   1.000  1.000  1.000  1.000   1.000  1.210  1.000  1.000   1.000      0.0377 +/- 0.0195 ,     2.80 +/-  1.51   
    97 NJets2-BTags1-MHT2-HT6      2      1.50 +/-   0.69  0.1885    0.09   1.000  1.352  1.000   1.000  1.410  1.000   1.000  1.000   1.000  1.000  2.110  1.000   1.000  1.000  1.000  1.000   1.000      0.1885 +/- 0.2326 ,     0.09 +/-  0.32   
    98 NJets2-BTags1-MHT2-HT7     22      9.10 +/-   1.93  0.0329    0.42   1.000  1.000  1.238   1.000  1.410  1.000   1.000  1.000   1.000  1.000  1.000  1.000   1.000  1.000  1.570  1.000   1.000      0.0329 +/- 0.0244 ,     0.42 +/-  0.36   
    99 NJets2-BTags1-MHT3-HT8      1      0.10 +/-   0.52  0.1921    0.17   1.000  1.352  1.000   1.000  1.410  1.000   1.000  1.000   1.000  1.000  1.000  1.880   1.000  1.000  1.000  1.000   1.000      0.1921 +/- 0.1983 ,     0.17 +/-  0.28   
   100 NJets2-BTags1-MHT3-HT9      2      1.10 +/-   0.77  0.0186    0.02   1.000  1.000  1.238   1.000  1.410  1.000   1.000  1.000   1.000  1.000  1.000  1.000   1.000  1.000  1.000  1.560   1.000      0.0186 +/- 0.0136 ,     0.02 +/-  0.03   
   101 NJets2-BTags2-MHT0-HT0      0      0.00 +/-   0.50  0.0000    0.00   2.087  1.000  1.000   1.000  1.410  1.000   1.770  1.000   1.000  1.000  1.000  1.000   1.000  1.000  1.000  1.000   1.000      0.0000 +/- 0.0000 ,     0.00 +/-  0.00   
   102 NJets2-BTags2-MHT0-HT1     23     19.80 +/-   2.71  0.1200    0.38   1.000  1.352  1.000   1.000  1.410  1.000   1.000  1.000   1.580  1.000  1.000  1.000   1.000  1.000  1.000  1.000   1.000      0.1200 +/- 0.0951 ,     0.38 +/-  0.73   
   103 NJets2-BTags2-MHT0-HT2     65     20.40 +/-   3.05  0.0531    2.37   1.000  1.000  1.238   1.000  1.410  1.000   1.000  1.000   1.000  1.000  1.000  1.000   1.150  1.000  1.000  1.000   1.000      0.0531 +/- 0.0264 ,     2.37 +/-  1.26   
   104 NJets2-BTags2-MHT1-HT3      0      0.10 +/-   1.00  0.0000   -0.00   2.087  1.000  1.000   1.000  1.410  1.000   1.000  2.000   1.000  1.000  1.000  1.000   1.000  1.000  1.000  1.000   1.000      0.0000 +/- 0.0000 ,    -0.00 +/-  0.00   
   105 NJets2-BTags2-MHT1-HT4     22     12.50 +/-   2.68  0.0936    0.89   1.000  1.352  1.000   1.000  1.410  1.000   1.000  1.000   1.000  1.700  1.000  1.000   1.000  1.000  1.000  1.000   1.000      0.0936 +/- 0.0828 ,     0.89 +/-  0.94   
   106 NJets2-BTags2-MHT1-HT5     46     23.10 +/-   3.16  0.0377    0.86   1.000  1.000  1.238   1.000  1.410  1.000   1.000  1.000   1.000  1.000  1.000  1.000   1.000  1.210  1.000  1.000   1.000      0.0377 +/- 0.0195 ,     0.86 +/-  0.53   
   107 NJets2-BTags2-MHT2-HT6      0      0.80 +/-   0.60  0.1885   -0.15   1.000  1.352  1.000   1.000  1.410  1.000   1.000  1.000   1.000  1.000  2.110  1.000   1.000  1.000  1.000  1.000   1.000      0.1885 +/- 0.2326 ,    -0.15 +/-  0.00   
   108 NJets2-BTags2-MHT2-HT7     11      5.50 +/-   1.31  0.0332    0.18   1.000  1.000  1.238   1.000  1.410  1.000   1.000  1.000   1.000  1.000  1.000  1.000   1.000  1.000  1.570  1.000   1.008      0.0332 +/- 0.0246 ,     0.18 +/-  0.18   
   109 NJets2-BTags2-MHT3-HT8      1      0.20 +/-   0.51  0.1921    0.15   1.000  1.352  1.000   1.000  1.410  1.000   1.000  1.000   1.000  1.000  1.000  1.880   1.000  1.000  1.000  1.000   1.000      0.1921 +/- 0.1983 ,     0.15 +/-  0.27   
   110 NJets2-BTags2-MHT3-HT9      0      0.90 +/-   0.66  0.1183   -0.11   1.000  1.000  1.238   1.000  1.410  1.000   1.000  1.000   1.000  1.000  1.000  1.000   1.000  1.000  1.000  1.560   1.843      0.1183 +/- 0.1322 ,    -0.11 +/-  0.00   
   111 NJets2-BTags3-MHT0-HT0      0      0.00 +/-   0.50  0.0000    0.00   2.087  1.000  1.000   1.000  1.410  1.000   1.770  1.000   1.000  1.000  1.000  1.000   1.000  1.000  1.000  1.000   1.000      0.0000 +/- 0.0000 ,     0.00 +/-  0.00   
   112 NJets2-BTags3-MHT0-HT1      5      5.80 +/-   1.30  0.1200   -0.10   1.000  1.352  1.000   1.000  1.410  1.000   1.000  1.000   1.580  1.000  1.000  1.000   1.000  1.000  1.000  1.000   1.000      0.1200 +/- 0.0951 ,    -0.10 +/-  0.00   
   113 NJets2-BTags3-MHT0-HT2     13      5.10 +/-   1.29  0.0531    0.42   1.000  1.000  1.238   1.000  1.410  1.000   1.000  1.000   1.000  1.000  1.000  1.000   1.150  1.000  1.000  1.000   1.000      0.0531 +/- 0.0264 ,     0.42 +/-  0.29   
   114 NJets2-BTags3-MHT1-HT3      0      0.00 +/-   0.50  0.0000    0.00   2.087  1.000  1.000   1.000  1.410  1.000   1.000  2.000   1.000  1.000  1.000  1.000   1.000  1.000  1.000  1.000   1.000      0.0000 +/- 0.0000 ,     0.00 +/-  0.00   
   115 NJets2-BTags3-MHT1-HT4      1      3.30 +/-   0.99  0.0936   -0.22   1.000  1.352  1.000   1.000  1.410  1.000   1.000  1.000   1.000  1.700  1.000  1.000   1.000  1.000  1.000  1.000   1.000      0.0936 +/- 0.0828 ,    -0.22 +/-  0.00   
   116 NJets2-BTags3-MHT1-HT5      9      3.90 +/-   1.09  0.0451    0.23   1.000  1.000  1.238   1.000  1.410  1.000   1.000  1.000   1.000  1.000  1.000  1.000   1.000  1.210  1.000  1.000   1.163      0.0451 +/- 0.0245 ,     0.23 +/-  0.19   
   117 NJets2-BTags3-MHT2-HT6      0      0.50 +/-   0.64  0.1885   -0.09   1.000  1.352  1.000   1.000  1.410  1.000   1.000  1.000   1.000  1.000  2.110  1.000   1.000  1.000  1.000  1.000   1.000      0.1885 +/- 0.2326 ,    -0.09 +/-  0.00   
   118 NJets2-BTags3-MHT2-HT7      2      0.50 +/-   0.52  0.0398    0.06   1.000  1.000  1.238   1.000  1.410  1.000   1.000  1.000   1.000  1.000  1.000  1.000   1.000  1.000  1.570  1.000   1.172      0.0398 +/- 0.0303 ,     0.06 +/-  0.08   
   119 NJets2-BTags3-MHT3-HT8      0      0.00 +/-   0.50  0.1921    0.00   1.000  1.352  1.000   1.000  1.410  1.000   1.000  1.000   1.000  1.000  1.000  1.880   1.000  1.000  1.000  1.000   1.000      0.1921 +/- 0.1983 ,     0.00 +/-  0.00   
   120 NJets2-BTags3-MHT3-HT9      0      0.00 +/-   0.50  0.0186    0.00   1.000  1.000  1.238   1.000  1.410  1.000   1.000  1.000   1.000  1.000  1.000  1.000   1.000  1.000  1.000  1.560   1.000      0.0186 +/- 0.0136 ,     0.00 +/-  0.00   
   121 NJets3-BTags0-MHT0-HT0      0      0.40 +/-   1.10  0.0000   -0.00   2.087  1.000  1.000   1.000  1.000  1.666   1.770  1.000   1.000  1.000  1.000  1.000   1.000  1.000  1.000  1.000   1.000      0.0000 +/- 0.0000 ,    -0.00 +/-  0.00   
   122 NJets3-BTags0-MHT0-HT1      1      2.10 +/-   1.12  0.4815   -0.53   1.000  1.352  1.000   1.000  1.000  1.666   1.000  1.000   1.580  1.000  1.000  1.000   1.000  1.000  1.000  1.000   1.519      0.4815 +/- 0.5215 ,    -0.53 +/-  0.00   
   123 NJets3-BTags0-MHT0-HT2     25      3.60 +/-   0.98  0.1463    3.13   1.000  1.000  1.238   1.000  1.000  1.666   1.000  1.000   1.000  1.000  1.000  1.000   1.150  1.000  1.000  1.000   1.300      0.1463 +/- 0.1145 ,     3.13 +/-  2.56   
   124 NJets3-BTags0-MHT1-HT3      0      0.40 +/-   1.10  0.0000   -0.00   2.087  1.000  1.000   1.000  1.000  1.666   1.000  2.000   1.000  1.000  1.000  1.000   1.000  1.000  1.000  1.000   1.000      0.0000 +/- 0.0000 ,    -0.00 +/-  0.00   
   125 NJets3-BTags0-MHT1-HT4      1      0.90 +/-   0.63  0.1805    0.02   1.000  1.352  1.000   1.000  1.000  1.666   1.000  1.000   1.000  1.700  1.000  1.000   1.000  1.000  1.000  1.000   1.000      0.1805 +/- 0.1856 ,     0.02 +/-  0.21   
   126 NJets3-BTags0-MHT1-HT5     24      8.00 +/-   3.05  0.2776    4.44   1.000  1.000  1.238   1.000  1.000  1.666   1.000  1.000   1.000  1.000  1.000  1.000   1.000  1.210  1.000  1.000   1.738      0.2776 +/- 0.2896 ,     4.44 +/-  4.90   
   127 NJets3-BTags0-MHT2-HT6      0      0.40 +/-   0.67  0.3634   -0.15   1.000  1.352  1.000   1.000  1.000  1.666   1.000  1.000   1.000  1.000  2.110  1.000   1.000  1.000  1.000  1.000   1.000      0.3634 +/- 0.4874 ,    -0.15 +/-  0.00   
   128 NJets3-BTags0-MHT2-HT7      5      1.30 +/-   0.73  0.0635    0.23   1.000  1.000  1.238   1.000  1.000  1.666   1.000  1.000   1.000  1.000  1.000  1.000   1.000  1.000  1.570  1.000   1.000      0.0635 +/- 0.0577 ,     0.23 +/-  0.26   
   129 NJets3-BTags0-MHT3-HT8      1      0.50 +/-   0.68  0.3703    0.19   1.000  1.352  1.000   1.000  1.000  1.666   1.000  1.000   1.000  1.000  1.000  1.880   1.000  1.000  1.000  1.000   1.000      0.3703 +/- 0.4289 ,     0.19 +/-  0.50   
   130 NJets3-BTags0-MHT3-HT9      0      0.40 +/-   0.57  0.0359   -0.01   1.000  1.000  1.238   1.000  1.000  1.666   1.000  1.000   1.000  1.000  1.000  1.000   1.000  1.000  1.000  1.560   1.000      0.0359 +/- 0.0323 ,    -0.01 +/-  0.00   
   131 NJets3-BTags1-MHT0-HT0      0      0.30 +/-   1.05  0.0000   -0.00   2.087  1.000  1.000   1.000  1.000  1.666   1.770  1.000   1.000  1.000  1.000  1.000   1.000  1.000  1.000  1.000   1.000      0.0000 +/- 0.0000 ,    -0.00 +/-  0.00   
   132 NJets3-BTags1-MHT0-HT1      5      1.40 +/-   0.79  0.2315    0.83   1.000  1.352  1.000   1.000  1.000  1.666   1.000  1.000   1.580  1.000  1.000  1.000   1.000  1.000  1.000  1.000   1.000      0.2315 +/- 0.2200 ,     0.83 +/-  0.96   
   133 NJets3-BTags1-MHT0-HT2     21      5.40 +/-   1.31  0.1142    1.78   1.000  1.000  1.238   1.000  1.000  1.666   1.000  1.000   1.000  1.000  1.000  1.000   1.150  1.000  1.000  1.000   1.103      0.1142 +/- 0.0833 ,     1.78 +/-  1.41   
   134 NJets3-BTags1-MHT1-HT3      0      0.30 +/-   1.05  0.0000   -0.00   2.087  1.000  1.000   1.000  1.000  1.666   1.000  2.000   1.000  1.000  1.000  1.000   1.000  1.000  1.000  1.000   1.000      0.0000 +/- 0.0000 ,    -0.00 +/-  0.00   
   135 NJets3-BTags1-MHT1-HT4      1      1.50 +/-   0.71  0.1805   -0.09   1.000  1.352  1.000   1.000  1.000  1.666   1.000  1.000   1.000  1.700  1.000  1.000   1.000  1.000  1.000  1.000   1.000      0.1805 +/- 0.1856 ,    -0.09 +/-  0.00   
   136 NJets3-BTags1-MHT1-HT5     20      7.20 +/-   1.54  0.0727    0.93   1.000  1.000  1.238   1.000  1.000  1.666   1.000  1.000   1.000  1.000  1.000  1.000   1.000  1.210  1.000  1.000   1.000      0.0727 +/- 0.0536 ,     0.93 +/-  0.77   
   137 NJets3-BTags1-MHT2-HT6      0      0.40 +/-   0.60  0.3634   -0.15   1.000  1.352  1.000   1.000  1.000  1.666   1.000  1.000   1.000  1.000  2.110  1.000   1.000  1.000  1.000  1.000   1.000      0.3634 +/- 0.4874 ,    -0.15 +/-  0.00   
   138 NJets3-BTags1-MHT2-HT7      2      1.50 +/-   0.71  0.0635    0.03   1.000  1.000  1.238   1.000  1.000  1.666   1.000  1.000   1.000  1.000  1.000  1.000   1.000  1.000  1.570  1.000   1.000      0.0635 +/- 0.0577 ,     0.03 +/-  0.10   
   139 NJets3-BTags1-MHT3-HT8      0      0.30 +/-   0.59  0.3703   -0.11   1.000  1.352  1.000   1.000  1.000  1.666   1.000  1.000   1.000  1.000  1.000  1.880   1.000  1.000  1.000  1.000   1.000      0.3703 +/- 0.4289 ,    -0.11 +/-  0.00   
   140 NJets3-BTags1-MHT3-HT9      0      0.10 +/-   0.52  0.0359   -0.00   1.000  1.000  1.238   1.000  1.000  1.666   1.000  1.000   1.000  1.000  1.000  1.000   1.000  1.000  1.000  1.560   1.000      0.0359 +/- 0.0323 ,    -0.00 +/-  0.00   
   141 NJets3-BTags2-MHT0-HT0      0      0.20 +/-   1.02  0.0000   -0.00   2.087  1.000  1.000   1.000  1.000  1.666   1.770  1.000   1.000  1.000  1.000  1.000   1.000  1.000  1.000  1.000   1.000      0.0000 +/- 0.0000 ,    -0.00 +/-  0.00   
   142 NJets3-BTags2-MHT0-HT1      3      1.60 +/-   0.71  0.2315    0.32   1.000  1.352  1.000   1.000  1.000  1.666   1.000  1.000   1.580  1.000  1.000  1.000   1.000  1.000  1.000  1.000   1.000      0.2315 +/- 0.2200 ,     0.32 +/-  0.53   
   143 NJets3-BTags2-MHT0-HT2     11      4.50 +/-   1.06  0.1157    0.75   1.000  1.000  1.238   1.000  1.000  1.666   1.000  1.000   1.000  1.000  1.000  1.000   1.150  1.000  1.000  1.000   1.115      0.1157 +/- 0.0847 ,     0.75 +/-  0.68   
   144 NJets3-BTags2-MHT1-HT3      0      0.20 +/-   1.02  0.0000   -0.00   2.087  1.000  1.000   1.000  1.000  1.666   1.000  2.000   1.000  1.000  1.000  1.000   1.000  1.000  1.000  1.000   1.000      0.0000 +/- 0.0000 ,    -0.00 +/-  0.00   
   145 NJets3-BTags2-MHT1-HT4      0      1.30 +/-   0.72  0.1805   -0.23   1.000  1.352  1.000   1.000  1.000  1.666   1.000  1.000   1.000  1.700  1.000  1.000   1.000  1.000  1.000  1.000   1.000      0.1805 +/- 0.1856 ,    -0.23 +/-  0.00   
   146 NJets3-BTags2-MHT1-HT5      4      6.30 +/-   1.41  0.0727   -0.17   1.000  1.000  1.238   1.000  1.000  1.666   1.000  1.000   1.000  1.000  1.000  1.000   1.000  1.210  1.000  1.000   1.000      0.0727 +/- 0.0536 ,    -0.17 +/-  0.00   
   147 NJets3-BTags2-MHT2-HT6      1      0.20 +/-   0.55  0.3634    0.29   1.000  1.352  1.000   1.000  1.000  1.666   1.000  1.000   1.000  1.000  2.110  1.000   1.000  1.000  1.000  1.000   1.000      0.3634 +/- 0.4874 ,     0.29 +/-  0.57   
   148 NJets3-BTags2-MHT2-HT7      0      1.40 +/-   0.77  0.0635   -0.09   1.000  1.000  1.238   1.000  1.000  1.666   1.000  1.000   1.000  1.000  1.000  1.000   1.000  1.000  1.570  1.000   1.000      0.0635 +/- 0.0577 ,    -0.09 +/-  0.00   
   149 NJets3-BTags2-MHT3-HT8      0      0.20 +/-   1.02  0.3703   -0.07   1.000  1.352  1.000   1.000  1.000  1.666   1.000  1.000   1.000  1.000  1.000  1.880   1.000  1.000  1.000  1.000   1.000      0.3703 +/- 0.4289 ,    -0.07 +/-  0.00   
   150 NJets3-BTags2-MHT3-HT9      1      0.70 +/-   0.69  0.0359    0.01   1.000  1.000  1.238   1.000  1.000  1.666   1.000  1.000   1.000  1.000  1.000  1.000   1.000  1.000  1.000  1.560   1.000      0.0359 +/- 0.0323 ,     0.01 +/-  0.04   
   151 NJets3-BTags3-MHT0-HT0      0      0.00 +/-   1.00  0.0000    0.00   2.087  1.000  1.000   1.000  1.000  1.666   1.770  1.000   1.000  1.000  1.000  1.000   1.000  1.000  1.000  1.000   1.000      0.0000 +/- 0.0000 ,     0.00 +/-  0.00   
   152 NJets3-BTags3-MHT0-HT1      0      0.50 +/-   0.59  0.2315   -0.12   1.000  1.352  1.000   1.000  1.000  1.666   1.000  1.000   1.580  1.000  1.000  1.000   1.000  1.000  1.000  1.000   1.000      0.2315 +/- 0.2200 ,    -0.12 +/-  0.00   
   153 NJets3-BTags3-MHT0-HT2      4      1.60 +/-   0.81  0.1389    0.33   1.000  1.000  1.238   1.000  1.000  1.666   1.000  1.000   1.000  1.000  1.000  1.000   1.150  1.000  1.000  1.000   1.263      0.1389 +/- 0.1068 ,     0.33 +/-  0.39   
   154 NJets3-BTags3-MHT1-HT3      0      0.00 +/-   1.00  0.0000    0.00   2.087  1.000  1.000   1.000  1.000  1.666   1.000  2.000   1.000  1.000  1.000  1.000   1.000  1.000  1.000  1.000   1.000      0.0000 +/- 0.0000 ,     0.00 +/-  0.00   
   155 NJets3-BTags3-MHT1-HT4      1      0.10 +/-   0.50  0.1805    0.16   1.000  1.352  1.000   1.000  1.000  1.666   1.000  1.000   1.000  1.700  1.000  1.000   1.000  1.000  1.000  1.000   1.000      0.1805 +/- 0.1856 ,     0.16 +/-  0.26   
   156 NJets3-BTags3-MHT1-HT5      6      2.50 +/-   1.63  0.0727    0.25   1.000  1.000  1.238   1.000  1.000  1.666   1.000  1.000   1.000  1.000  1.000  1.000   1.000  1.210  1.000  1.000   1.000      0.0727 +/- 0.0536 ,     0.25 +/-  0.28   
   157 NJets3-BTags3-MHT2-HT6      0      0.00 +/-   1.00  0.3634    0.00   1.000  1.352  1.000   1.000  1.000  1.666   1.000  1.000   1.000  1.000  2.110  1.000   1.000  1.000  1.000  1.000   1.000      0.3634 +/- 0.4874 ,     0.00 +/-  0.00   
   158 NJets3-BTags3-MHT2-HT7      2      0.10 +/-   0.50  0.0635    0.12   1.000  1.000  1.238   1.000  1.000  1.666   1.000  1.000   1.000  1.000  1.000  1.000   1.000  1.000  1.570  1.000   1.000      0.0635 +/- 0.0577 ,     0.12 +/-  0.15   
   159 NJets3-BTags3-MHT3-HT8      0      0.00 +/-   1.00  0.3703    0.00   1.000  1.352  1.000   1.000  1.000  1.666   1.000  1.000   1.000  1.000  1.000  1.880   1.000  1.000  1.000  1.000   1.000      0.3703 +/- 0.4289 ,     0.00 +/-  0.00   
   160 NJets3-BTags3-MHT3-HT9      0      0.00 +/-   0.50  0.0359    0.00   1.000  1.000  1.238   1.000  1.000  1.666   1.000  1.000   1.000  1.000  1.000  1.000   1.000  1.000  1.000  1.560   1.000      0.0359 +/- 0.0323 ,     0.00 +/-  0.00   
