          Search bin            N_ldp   Nnonqcd +/- err    Rqcd  Rqcd*Nqldp  Kj1h1  Kj1h2  Kj1h3  Kj2h1  Kj2h2  Kj2h3  Kj3h1  Kj3h2  Kj3h3  Kj4h2  Kj4h3  Kj5h2  Kj5h3    Sh1m1  Sh1m2   Sh2m1  Sh2m2  Sh2m3  Sh2m4  Sh3m1  Sh3m2  Sh3m3  Sh3m4      MCC      Rqcd +/- err        Model Nqcd_hdp
     1 NJets0_BTags0_MHT0_HT0   2849   1854.80 +/- 133.50  0.3233  321.42    1.390  1.001  1.000  1.078  1.000  1.000  1.181  1.002  1.000  1.019  1.001  1.639  1.013    1.526  1.000     1.000    1.000    1.000    1.000     1.000    1.000    1.000    1.000      1.000       0.3233 +/- 0.3025 ,   321.42 +/- 304.34    (    95 %) 
     2 NJets0_BTags0_MHT0_HT1   4031    995.70 +/-  78.25  0.0293   88.98    1.137  1.148  1.024  1.012  1.021  1.002  1.043  1.006  1.000  1.007  1.006  1.259  1.008    1.000    1.000     1.433  1.000    1.000    1.000     1.000    1.000    1.000    1.000      1.174     0.0293 +/- 0.0168 ,    88.98 +/- 51.13    (    57 %) 
     3 NJets0_BTags0_MHT0_HT2   1336     70.90 +/-  10.26  0.0034    4.27    1.194  1.281  1.819  1.175  1.072  1.050  1.093  1.026  1.260  1.157  1.081  1.699  1.043    1.000    1.000     1.000    1.000    1.000    1.000     1.136  1.000    1.000    1.000      1.053     0.0034 +/- 0.0041 ,     4.27 +/-  5.13    (   120 %) 
     4 NJets0_BTags0_MHT1_HT0    994    767.50 +/-  68.57  0.3619   81.98    1.320  1.001  1.000  1.064  1.000  1.000  1.148  1.001  1.000  1.015  1.001  1.524  1.011    1.000    1.701   1.000    1.000    1.000    1.000     1.000    1.000    1.000    1.000      1.180     0.3619 +/- 0.3485 ,    81.98 +/- 83.52    (   102 %) 
     5 NJets0_BTags0_MHT1_HT1   3276   1479.20 +/- 111.35  0.0565  101.57    1.147  1.159  1.026  1.013  1.023  1.003  1.046  1.006  1.000  1.008  1.006  1.278  1.008    1.000    1.000     1.000    1.548  1.000    1.000     1.000    1.000    1.000    1.000      1.112     0.0565 +/- 0.0375 ,   101.57 +/- 67.83    (    67 %) 
     6 NJets0_BTags0_MHT1_HT2   1361    130.70 +/-  17.38  0.0028    3.43    1.205  1.296  1.865  1.185  1.076  1.052  1.098  1.027  1.274  1.166  1.085  1.738  1.045    1.000    1.000     1.000    1.000    1.000    1.000     1.000    1.209  1.000    1.000      1.000       0.0028 +/- 0.0036 ,     3.43 +/-  4.38    (   128 %) 
     7 NJets0_BTags0_MHT2_HT1    510    403.70 +/-  36.50  0.0558    5.94    1.163  1.177  1.029  1.014  1.025  1.003  1.051  1.007  1.000  1.009  1.007  1.308  1.009    1.000    1.000     1.000    1.000    2.031  1.000     1.000    1.000    1.000    1.000      1.016     0.0558 +/- 0.0617 ,     5.94 +/-  6.98    (   118 %) 
     8 NJets0_BTags0_MHT2_HT2    348     76.90 +/-  12.06  0.0025    0.68    1.126  1.182  1.531  1.113  1.047  1.032  1.060  1.017  1.168  1.102  1.052  1.453  1.028    1.000    1.000     1.000    1.000    1.000    1.000     1.000    1.000    1.334  1.000      1.386     0.0025 +/- 0.0023 ,     0.68 +/-  0.63    (    93 %) 
     9 NJets0_BTags0_MHT3_HT1     49     47.20 +/-   7.71  0.0236    0.04    1.166  1.179  1.029  1.014  1.026  1.003  1.052  1.007  1.000  1.009  1.007  1.313  1.009    1.000    1.000     1.000    1.000    1.000    1.676   1.000    1.000    1.000    1.000      1.000       0.0236 +/- 0.0186 ,     0.04 +/-  0.25    (     0 %) 
    10 NJets0_BTags0_MHT3_HT2     45     15.10 +/-   8.68  0.0009    0.03    1.205  1.296  1.865  1.185  1.076  1.052  1.098  1.027  1.274  1.166  1.085  1.738  1.045    1.000    1.000     1.000    1.000    1.000    1.000     1.000    1.000    1.000    1.563    1.000       0.0009 +/- 0.0012 ,     0.03 +/-  0.04    (     0 %) 
    11 NJets0_BTags1_MHT0_HT0    475    304.80 +/-  47.91  0.5733   97.57    1.220  1.000  1.000  1.044  1.000  1.000  1.102  1.001  1.000  1.011  1.000  1.360  1.008    1.296  1.000     1.000    1.000    1.000    1.000     1.000    1.000    1.000    1.000      1.436     0.5733 +/- 0.3925 ,    97.57 +/- 73.30    (    75 %) 
    12 NJets0_BTags1_MHT0_HT1   1079    191.30 +/-  28.99  0.0242   21.49    1.166  1.179  1.029  1.014  1.026  1.003  1.052  1.007  1.000  1.009  1.007  1.313  1.009    1.000    1.000     1.525  1.000    1.000    1.000     1.000    1.000    1.000    1.000      1.000       0.0242 +/- 0.0160 ,    21.49 +/- 14.26    (    66 %) 
    13 NJets0_BTags1_MHT0_HT2    503     20.50 +/-   3.95  0.0032    1.54    1.205  1.296  1.865  1.185  1.076  1.052  1.098  1.027  1.274  1.166  1.085  1.738  1.045    1.000    1.000     1.000    1.000    1.000    1.000     1.143  1.000    1.000    1.000      1.000       0.0032 +/- 0.0041 ,     1.54 +/-  1.96    (   127 %) 
    14 NJets0_BTags1_MHT1_HT0    159    118.30 +/-  18.88  0.3351   13.64    1.345  1.001  1.000  1.069  1.000  1.000  1.160  1.001  1.000  1.017  1.001  1.566  1.012    1.000    1.757   1.000    1.000    1.000    1.000     1.000    1.000    1.000    1.000      1.114     0.3351 +/- 0.3445 ,    13.64 +/- 15.95    (   117 %) 
    15 NJets0_BTags1_MHT1_HT1    738    281.90 +/-  46.07  0.0502   22.89    1.166  1.179  1.029  1.014  1.026  1.003  1.052  1.007  1.000  1.009  1.007  1.313  1.009    1.000    1.000     1.000    1.617  1.000    1.000     1.000    1.000    1.000    1.000      1.000       0.0502 +/- 0.0370 ,    22.89 +/- 17.09    (    75 %) 
    16 NJets0_BTags1_MHT1_HT2    464     33.80 +/-   7.80  0.0028    1.20    1.205  1.296  1.865  1.185  1.076  1.052  1.098  1.027  1.274  1.166  1.085  1.738  1.045    1.000    1.000     1.000    1.000    1.000    1.000     1.000    1.209  1.000    1.000      1.000       0.0028 +/- 0.0036 ,     1.20 +/-  1.53    (   128 %) 
    17 NJets0_BTags1_MHT2_HT1    100     70.50 +/-  11.81  0.0549    1.62    1.166  1.179  1.029  1.014  1.026  1.003  1.052  1.007  1.000  1.009  1.007  1.313  1.009    1.000    1.000     1.000    1.000    2.048  1.000     1.000    1.000    1.000    1.000      1.000       0.0549 +/- 0.0617 ,     1.62 +/-  2.01    (   124 %) 
    18 NJets0_BTags1_MHT2_HT2    108     17.10 +/-   4.16  0.0015    0.14    1.205  1.296  1.865  1.185  1.076  1.052  1.098  1.027  1.274  1.166  1.085  1.738  1.045    1.000    1.000     1.000    1.000    1.000    1.000     1.000    1.000    1.545  1.000      1.000       0.0015 +/- 0.0021 ,     0.14 +/-  0.19    (   138 %) 
    19 NJets0_BTags1_MHT3_HT1     15      9.00 +/-   1.86  0.0236    0.14    1.166  1.179  1.029  1.014  1.026  1.003  1.052  1.007  1.000  1.009  1.007  1.313  1.009    1.000    1.000     1.000    1.000    1.000    1.676   1.000    1.000    1.000    1.000      1.000       0.0236 +/- 0.0186 ,     0.14 +/-  0.15    (   106 %) 
    20 NJets0_BTags1_MHT3_HT2     11      2.30 +/-   1.28  0.0009    0.01    1.205  1.296  1.865  1.185  1.076  1.052  1.098  1.027  1.274  1.166  1.085  1.738  1.045    1.000    1.000     1.000    1.000    1.000    1.000     1.000    1.000    1.000    1.563    1.000       0.0009 +/- 0.0012 ,     0.01 +/-  0.01    (     0 %) 
    21 NJets0_BTags2_MHT0_HT0     39     21.40 +/-   6.21  0.3233    5.69    1.390  1.001  1.000  1.078  1.000  1.000  1.181  1.002  1.000  1.019  1.001  1.639  1.013    1.526  1.000     1.000    1.000    1.000    1.000     1.000    1.000    1.000    1.000      1.000       0.3233 +/- 0.3025 ,     5.69 +/-  6.04    (   106 %) 
    22 NJets0_BTags2_MHT0_HT1    114     20.00 +/-   7.90  0.0242    2.28    1.166  1.179  1.029  1.014  1.026  1.003  1.052  1.007  1.000  1.009  1.007  1.313  1.009    1.000    1.000     1.525  1.000    1.000    1.000     1.000    1.000    1.000    1.000      1.000       0.0242 +/- 0.0160 ,     2.28 +/-  1.54    (    68 %) 
    23 NJets0_BTags2_MHT0_HT2     61      4.50 +/-   1.70  0.0032    0.18    1.205  1.296  1.865  1.185  1.076  1.052  1.098  1.027  1.274  1.166  1.085  1.738  1.045    1.000    1.000     1.000    1.000    1.000    1.000     1.143  1.000    1.000    1.000      1.000       0.0032 +/- 0.0041 ,     0.18 +/-  0.23    (   128 %) 
    24 NJets0_BTags2_MHT1_HT0     13      6.80 +/-   2.68  0.2969    1.84    1.390  1.001  1.000  1.078  1.000  1.000  1.181  1.002  1.000  1.019  1.001  1.639  1.013    1.000    1.855   1.000    1.000    1.000    1.000     1.000    1.000    1.000    1.000      1.000       0.2969 +/- 0.3423 ,     1.84 +/-  2.51    (   136 %) 
    25 NJets0_BTags2_MHT1_HT1     75     22.00 +/-   5.66  0.0502    2.66    1.166  1.179  1.029  1.014  1.026  1.003  1.052  1.007  1.000  1.009  1.007  1.313  1.009    1.000    1.000     1.000    1.617  1.000    1.000     1.000    1.000    1.000    1.000      1.000       0.0502 +/- 0.0370 ,     2.66 +/-  2.03    (    76 %) 
    26 NJets0_BTags2_MHT1_HT2     51     12.60 +/-   4.23  0.0028    0.11    1.205  1.296  1.865  1.185  1.076  1.052  1.098  1.027  1.274  1.166  1.085  1.738  1.045    1.000    1.000     1.000    1.000    1.000    1.000     1.000    1.209  1.000    1.000      1.000       0.0028 +/- 0.0036 ,     0.11 +/-  0.14    (   129 %) 
    27 NJets0_BTags2_MHT2_HT1      7      4.80 +/-   1.96  0.1920    0.42    1.048  1.051  1.008  1.004  1.007  1.001  1.015  1.002  1.000  1.003  1.002  1.090  1.003    1.000    1.000     1.000    1.000    1.300  1.000     1.000    1.000    1.000    1.000      1.714     0.1920 +/- 0.1503 ,     0.42 +/-  0.71    (   169 %) 
    28 NJets0_BTags2_MHT2_HT2     16      2.60 +/-   0.99  0.0015    0.02    1.205  1.296  1.865  1.185  1.076  1.052  1.098  1.027  1.274  1.166  1.085  1.738  1.045    1.000    1.000     1.000    1.000    1.000    1.000     1.000    1.000    1.545  1.000      1.000       0.0015 +/- 0.0021 ,     0.02 +/-  0.03    (     0 %) 
    29 NJets0_BTags2_MHT3_HT1      0      1.10 +/-   0.79  0.0236   -0.03    1.166  1.179  1.029  1.014  1.026  1.003  1.052  1.007  1.000  1.009  1.007  1.313  1.009    1.000    1.000     1.000    1.000    1.000    1.676   1.000    1.000    1.000    1.000      1.000       0.0236 +/- 0.0186 ,    -0.03 +/-  0.00    (     0 %) 
    30 NJets0_BTags2_MHT3_HT2      0      0.20 +/-   0.17  0.0009   -0.00    1.205  1.296  1.865  1.185  1.076  1.052  1.098  1.027  1.274  1.166  1.085  1.738  1.045    1.000    1.000     1.000    1.000    1.000    1.000     1.000    1.000    1.000    1.563    1.000       0.0009 +/- 0.0012 ,    -0.00 +/-  0.00    (     0 %) 
    31 NJets1_BTags0_MHT0_HT0   2876   1427.50 +/- 113.65  0.4243  614.66    1.253  1.000  1.000  1.083  1.000  1.000  1.061  1.003  1.000  1.015  1.001  1.395  1.015    1.526  1.000     1.000    1.000    1.000    1.000     1.000    1.000    1.000    1.000      1.000       0.4243 +/- 0.3022 ,   614.66 +/- 441.03    (    72 %) 
    32 NJets1_BTags0_MHT0_HT1   8281   2449.70 +/- 157.30  0.0368  214.79    1.133  1.017  1.013  1.018  1.096  1.002  1.016  1.028  1.009  1.023  1.004  1.265  1.005    1.000    1.000     1.525  1.000    1.000    1.000     1.000    1.000    1.000    1.000      1.000       0.0368 +/- 0.0226 ,   214.79 +/- 131.67    (    61 %) 
    33 NJets1_BTags0_MHT0_HT2   4273    369.20 +/-  30.22  0.0131   51.25    1.059  1.023  1.021  1.010  1.012  1.129  1.016  1.005  1.005  1.020  1.008  1.142  1.005    1.000    1.000     1.000    1.000    1.000    1.000     1.143  1.000    1.000    1.000      1.005     0.0131 +/- 0.0033 ,    51.25 +/- 12.85    (    25 %) 
    34 NJets1_BTags0_MHT1_HT0    812    448.90 +/-  42.36  0.3897  141.49    1.253  1.000  1.000  1.083  1.000  1.000  1.061  1.003  1.000  1.015  1.001  1.395  1.015    1.000    1.855   1.000    1.000    1.000    1.000     1.000    1.000    1.000    1.000      1.000       0.3897 +/- 0.3821 ,   141.49 +/- 140.14    (    99 %) 
    35 NJets1_BTags0_MHT1_HT1   6063   2833.90 +/- 191.36  0.0764  246.55    1.133  1.017  1.013  1.018  1.096  1.002  1.016  1.028  1.009  1.023  1.004  1.265  1.005    1.000    1.000     1.000    1.617  1.000    1.000     1.000    1.000    1.000    1.000      1.000       0.0764 +/- 0.0529 ,   246.55 +/- 171.63    (    70 %) 
    36 NJets1_BTags0_MHT1_HT2   3976    569.20 +/-  45.31  0.0127   43.39    1.053  1.021  1.019  1.009  1.011  1.116  1.014  1.005  1.005  1.018  1.007  1.127  1.004    1.000    1.000     1.000    1.000    1.000    1.000     1.000    1.186  1.000    1.000      1.106     0.0127 +/- 0.0036 ,    43.39 +/- 12.31    (    28 %) 
    37 NJets1_BTags0_MHT2_HT1    769    531.60 +/-  43.45  0.0905   21.49    1.123  1.015  1.012  1.017  1.089  1.002  1.015  1.026  1.009  1.021  1.004  1.244  1.004    1.000    1.000     1.000    1.000    1.968  1.000     1.000    1.000    1.000    1.000      1.077     0.0905 +/- 0.0918 ,    21.49 +/- 22.28    (   104 %) 
    38 NJets1_BTags0_MHT2_HT2    961    298.70 +/-  27.80  0.0063    4.15    1.060  1.023  1.022  1.010  1.012  1.129  1.016  1.006  1.005  1.020  1.008  1.142  1.005    1.000    1.000     1.000    1.000    1.000    1.000     1.000    1.000    1.545  1.000      1.000       0.0063 +/- 0.0036 ,     4.15 +/-  2.43    (    59 %) 
    39 NJets1_BTags0_MHT3_HT1     99     83.40 +/-  10.31  0.0359    0.56    1.133  1.017  1.013  1.018  1.096  1.002  1.016  1.028  1.009  1.023  1.004  1.265  1.005    1.000    1.000     1.000    1.000    1.000    1.676   1.000    1.000    1.000    1.000      1.000       0.0359 +/- 0.0268 ,     0.56 +/-  0.66    (   118 %) 
    40 NJets1_BTags0_MHT3_HT2     78     26.70 +/-   6.48  0.0037    0.19    1.060  1.023  1.022  1.010  1.012  1.129  1.016  1.006  1.005  1.020  1.008  1.142  1.005    1.000    1.000     1.000    1.000    1.000    1.000     1.000    1.000    1.000    1.563    1.000       0.0037 +/- 0.0022 ,     0.19 +/-  0.12    (    64 %) 
    41 NJets1_BTags1_MHT0_HT0    718    459.60 +/-  39.69  0.4243  109.65    1.253  1.000  1.000  1.083  1.000  1.000  1.061  1.003  1.000  1.015  1.001  1.395  1.015    1.526  1.000     1.000    1.000    1.000    1.000     1.000    1.000    1.000    1.000      1.000       0.4243 +/- 0.3022 ,   109.65 +/- 80.70    (    74 %) 
    42 NJets1_BTags1_MHT0_HT1   3153    945.90 +/-  80.66  0.0393   86.84    1.125  1.016  1.012  1.017  1.090  1.002  1.015  1.026  1.009  1.022  1.004  1.248  1.004    1.000    1.000     1.491  1.000    1.000    1.000     1.000    1.000    1.000    1.000      1.064     0.0393 +/- 0.0227 ,    86.84 +/- 50.23    (    58 %) 
    43 NJets1_BTags1_MHT0_HT2   2261    165.10 +/-  15.27  0.0131   27.38    1.060  1.023  1.022  1.010  1.012  1.129  1.016  1.006  1.005  1.020  1.008  1.142  1.005    1.000    1.000     1.000    1.000    1.000    1.000     1.143  1.000    1.000    1.000      1.000       0.0131 +/- 0.0033 ,    27.38 +/-  6.91    (    25 %) 
    44 NJets1_BTags1_MHT1_HT0    205    139.90 +/-  14.33  0.3897   25.37    1.253  1.000  1.000  1.083  1.000  1.000  1.061  1.003  1.000  1.015  1.001  1.395  1.015    1.000    1.855   1.000    1.000    1.000    1.000     1.000    1.000    1.000    1.000      1.000       0.3897 +/- 0.3821 ,    25.37 +/- 26.09    (   103 %) 
    45 NJets1_BTags1_MHT1_HT1   1992   1005.50 +/-  87.36  0.0838   82.70    1.121  1.015  1.012  1.017  1.087  1.002  1.014  1.026  1.008  1.021  1.004  1.241  1.004    1.000    1.000     1.000    1.562  1.000    1.000     1.000    1.000    1.000    1.000      1.089     0.0838 +/- 0.0535 ,    82.70 +/- 53.37    (    65 %) 
    46 NJets1_BTags1_MHT1_HT2   1928    249.60 +/-  21.62  0.0114   19.12    1.060  1.023  1.022  1.010  1.012  1.129  1.016  1.006  1.005  1.020  1.008  1.142  1.005    1.000    1.000     1.000    1.000    1.000    1.000     1.000    1.209  1.000    1.000      1.000       0.0114 +/- 0.0033 ,    19.12 +/-  5.63    (    29 %) 
    47 NJets1_BTags1_MHT2_HT1    224    162.10 +/-  17.67  0.0836    5.17    1.133  1.017  1.013  1.018  1.096  1.002  1.016  1.028  1.009  1.023  1.004  1.265  1.005    1.000    1.000     1.000    1.000    2.048  1.000     1.000    1.000    1.000    1.000      1.000       0.0836 +/- 0.0915 ,     5.17 +/-  5.99    (   116 %) 
    48 NJets1_BTags1_MHT2_HT2    444    118.00 +/-  13.04  0.0063    2.04    1.060  1.023  1.022  1.010  1.012  1.129  1.016  1.006  1.005  1.020  1.008  1.142  1.005    1.000    1.000     1.000    1.000    1.000    1.000     1.000    1.000    1.545  1.000      1.000       0.0063 +/- 0.0036 ,     2.04 +/-  1.20    (    59 %) 
    49 NJets1_BTags1_MHT3_HT1     29     25.20 +/-   3.64  0.0359    0.14    1.133  1.017  1.013  1.018  1.096  1.002  1.016  1.028  1.009  1.023  1.004  1.265  1.005    1.000    1.000     1.000    1.000    1.000    1.676   1.000    1.000    1.000    1.000      1.000       0.0359 +/- 0.0268 ,     0.14 +/-  0.25    (   187 %) 
    50 NJets1_BTags1_MHT3_HT2     48     11.50 +/-   3.11  0.0037    0.13    1.060  1.023  1.022  1.010  1.012  1.129  1.016  1.006  1.005  1.020  1.008  1.142  1.005    1.000    1.000     1.000    1.000    1.000    1.000     1.000    1.000    1.000    1.563    1.000       0.0037 +/- 0.0022 ,     0.13 +/-  0.08    (    63 %) 
    51 NJets1_BTags2_MHT0_HT0    162     92.80 +/-  10.38  0.4243   29.36    1.253  1.000  1.000  1.083  1.000  1.000  1.061  1.003  1.000  1.015  1.001  1.395  1.015    1.526  1.000     1.000    1.000    1.000    1.000     1.000    1.000    1.000    1.000      1.000       0.4243 +/- 0.3022 ,    29.36 +/- 22.05    (    75 %) 
    52 NJets1_BTags2_MHT0_HT1    765    271.70 +/-  23.82  0.0385   19.00    1.127  1.016  1.013  1.017  1.092  1.002  1.015  1.027  1.009  1.022  1.004  1.253  1.005    1.000    1.000     1.502  1.000    1.000    1.000     1.000    1.000    1.000    1.000      1.043     0.0385 +/- 0.0226 ,    19.00 +/- 11.24    (    59 %) 
    53 NJets1_BTags2_MHT0_HT2    519     50.40 +/-   6.20  0.0241   11.29    1.032  1.013  1.012  1.005  1.007  1.070  1.009  1.003  1.003  1.011  1.004  1.077  1.003    1.000    1.000     1.000    1.000    1.000    1.000     1.078  1.000    1.000    1.000      1.458     0.0241 +/- 0.0115 ,    11.29 +/-  5.42    (    48 %) 
    54 NJets1_BTags2_MHT1_HT0     39     19.60 +/-   3.96  0.3897    7.56    1.253  1.000  1.000  1.083  1.000  1.000  1.061  1.003  1.000  1.015  1.001  1.395  1.015    1.000    1.855   1.000    1.000    1.000    1.000     1.000    1.000    1.000    1.000      1.000       0.3897 +/- 0.3821 ,     7.56 +/-  7.95    (   105 %) 
    55 NJets1_BTags2_MHT1_HT1    496    268.60 +/-  25.47  0.0821   18.66    1.124  1.015  1.012  1.017  1.089  1.002  1.015  1.026  1.009  1.021  1.004  1.246  1.004    1.000    1.000     1.000    1.574  1.000    1.000     1.000    1.000    1.000    1.000      1.070     0.0821 +/- 0.0532 ,    18.66 +/- 12.42    (    67 %) 
    56 NJets1_BTags2_MHT1_HT2    470     74.50 +/-  10.72  0.0114    4.50    1.060  1.023  1.022  1.010  1.012  1.129  1.016  1.006  1.005  1.020  1.008  1.142  1.005    1.000    1.000     1.000    1.000    1.000    1.000     1.000    1.209  1.000    1.000      1.000       0.0114 +/- 0.0033 ,     4.50 +/-  1.35    (    30 %) 
    57 NJets1_BTags2_MHT2_HT1     55     36.30 +/-   5.66  0.0836    1.56    1.133  1.017  1.013  1.018  1.096  1.002  1.016  1.028  1.009  1.023  1.004  1.265  1.005    1.000    1.000     1.000    1.000    2.048  1.000     1.000    1.000    1.000    1.000      1.000       0.0836 +/- 0.0915 ,     1.56 +/-  1.88    (   120 %) 
    58 NJets1_BTags2_MHT2_HT2     98     35.00 +/-   5.82  0.0151    0.95    1.025  1.010  1.009  1.004  1.005  1.054  1.007  1.002  1.002  1.008  1.003  1.059  1.002    1.000    1.000     1.000    1.000    1.000    1.000     1.000    1.000    1.226  1.000      1.585     0.0151 +/- 0.0096 ,     0.95 +/-  0.63    (    66 %) 
    59 NJets1_BTags2_MHT3_HT1      9      4.70 +/-   1.16  0.1117    0.48    1.043  1.005  1.004  1.006  1.031  1.001  1.005  1.009  1.003  1.007  1.001  1.085  1.002    1.000    1.000     1.000    1.000    1.000    1.218   1.000    1.000    1.000    1.000      1.678     0.1117 +/- 0.0803 ,     0.48 +/-  0.50    (   104 %) 
    60 NJets1_BTags2_MHT3_HT2     10      2.00 +/-   1.14  0.0543    0.43    1.004  1.002  1.001  1.001  1.001  1.009  1.001  1.000  1.000  1.001  1.001  1.010  1.000    1.000    1.000     1.000    1.000    1.000    1.000     1.000    1.000    1.000    1.038    1.933     0.0543 +/- 0.0507 ,     0.43 +/-  0.44    (   102 %) 
    61 NJets1_BTags3_MHT0_HT0     21      6.60 +/-   2.58  0.4243    6.11    1.253  1.000  1.000  1.083  1.000  1.000  1.061  1.003  1.000  1.015  1.001  1.395  1.015    1.526  1.000     1.000    1.000    1.000    1.000     1.000    1.000    1.000    1.000      1.000       0.4243 +/- 0.3022 ,     6.11 +/-  4.89    (    80 %) 
    62 NJets1_BTags3_MHT0_HT1     82     30.20 +/-   6.22  0.0700    3.62    1.070  1.009  1.007  1.010  1.050  1.001  1.008  1.015  1.005  1.012  1.002  1.139  1.003    1.000    1.000     1.276  1.000    1.000    1.000     1.000    1.000    1.000    1.000      1.474     0.0700 +/- 0.0401 ,     3.62 +/-  2.21    (    61 %) 
    63 NJets1_BTags3_MHT0_HT2     65      6.70 +/-   1.86  0.0680    3.97    1.011  1.004  1.004  1.002  1.002  1.025  1.003  1.001  1.001  1.004  1.002  1.027  1.001    1.000    1.000     1.000    1.000    1.000    1.000     1.028  1.000    1.000    1.000      1.808     0.0680 +/- 0.0551 ,     3.97 +/-  3.26    (    82 %) 
    64 NJets1_BTags3_MHT1_HT0      6      2.00 +/-   0.95  0.3897    1.56    1.253  1.000  1.000  1.083  1.000  1.000  1.061  1.003  1.000  1.015  1.001  1.395  1.015    1.000    1.855   1.000    1.000    1.000    1.000     1.000    1.000    1.000    1.000      1.000       0.3897 +/- 0.3821 ,     1.56 +/-  1.84    (   118 %) 
    65 NJets1_BTags3_MHT1_HT1     67     27.80 +/-   5.43  0.0764    2.99    1.133  1.017  1.013  1.018  1.096  1.002  1.016  1.028  1.009  1.023  1.004  1.265  1.005    1.000    1.000     1.000    1.617  1.000    1.000     1.000    1.000    1.000    1.000      1.000       0.0764 +/- 0.0529 ,     2.99 +/-  2.21    (    74 %) 
    66 NJets1_BTags3_MHT1_HT2     77     12.40 +/-   2.95  0.0399    2.58    1.017  1.007  1.006  1.003  1.004  1.037  1.004  1.002  1.001  1.006  1.002  1.041  1.001    1.000    1.000     1.000    1.000    1.000    1.000     1.000    1.060  1.000    1.000      1.715     0.0399 +/- 0.0287 ,     2.58 +/-  1.89    (    73 %) 
    67 NJets1_BTags3_MHT2_HT1      6      3.10 +/-   0.89  0.0857    0.25    1.130  1.016  1.013  1.018  1.094  1.002  1.015  1.028  1.009  1.022  1.004  1.258  1.005    1.000    1.000     1.000    1.000    2.023  1.000     1.000    1.000    1.000    1.000      1.024     0.0857 +/- 0.0915 ,     0.25 +/-  0.35    (   140 %) 
    68 NJets1_BTags3_MHT2_HT2     21      3.00 +/-   1.10  0.0438    0.79    1.009  1.003  1.003  1.001  1.002  1.018  1.002  1.001  1.001  1.003  1.001  1.020  1.001    1.000    1.000     1.000    1.000    1.000    1.000     1.000    1.000    1.078  1.000      1.857     0.0438 +/- 0.0377 ,     0.79 +/-  0.71    (    90 %) 
    69 NJets1_BTags3_MHT3_HT1      1      0.20 +/-   0.14  0.1473    0.12    1.032  1.004  1.003  1.004  1.023  1.000  1.004  1.007  1.002  1.006  1.001  1.065  1.001    1.000    1.000     1.000    1.000    1.000    1.165   1.000    1.000    1.000    1.000      1.756     0.1473 +/- 0.1145 ,     0.12 +/-  0.17    (   148 %) 
    70 NJets1_BTags3_MHT3_HT2      2      0.30 +/-   0.30  0.0037    0.01    1.060  1.023  1.022  1.010  1.012  1.129  1.016  1.006  1.005  1.020  1.008  1.142  1.005    1.000    1.000     1.000    1.000    1.000    1.000     1.000    1.000    1.000    1.563    1.000       0.0037 +/- 0.0022 ,     0.01 +/-  0.01    (     0 %) 
    71 NJets2_BTags0_MHT0_HT0    223     76.30 +/-  13.30  0.6145   90.15    1.122  1.000  1.000  1.012  1.000  1.000  1.157  1.001  1.000  1.028  1.000  1.292  1.002    1.526  1.000     1.000    1.000    1.000    1.000     1.000    1.000    1.000    1.000      1.000       0.6145 +/- 0.3896 ,    90.15 +/- 58.47    (    65 %) 
    72 NJets2_BTags0_MHT0_HT1   1965    659.50 +/-  48.16  0.0585   76.42    1.109  1.000  1.001  1.062  1.006  1.000  1.087  1.182  1.001  1.067  1.030  1.318  1.012    1.000    1.000     1.525  1.000    1.000    1.000     1.000    1.000    1.000    1.000      1.000       0.0585 +/- 0.0388 ,    76.42 +/- 50.75    (    66 %) 
    73 NJets2_BTags0_MHT0_HT2   2041    188.90 +/-  15.70  0.0265   49.09    1.025  1.014  1.033  1.001  1.019  1.004  1.012  1.014  1.095  1.021  1.006  1.087  1.004    1.000    1.000     1.000    1.000    1.000    1.000     1.135  1.000    1.000    1.000      1.062     0.0265 +/- 0.0054 ,    49.09 +/- 10.11    (    21 %) 
    74 NJets2_BTags0_MHT1_HT0     73      9.10 +/-   2.13  0.5643   36.06    1.122  1.000  1.000  1.012  1.000  1.000  1.157  1.001  1.000  1.028  1.000  1.292  1.002    1.000    1.855   1.000    1.000    1.000    1.000     1.000    1.000    1.000    1.000      1.000       0.5643 +/- 0.5221 ,    36.06 +/- 33.73    (    94 %) 
    75 NJets2_BTags0_MHT1_HT1   1288    582.40 +/-  44.95  0.1213   85.61    1.109  1.000  1.001  1.062  1.006  1.000  1.087  1.182  1.001  1.067  1.030  1.318  1.012    1.000    1.000     1.000    1.617  1.000    1.000     1.000    1.000    1.000    1.000      1.000       0.1213 +/- 0.0895 ,    85.61 +/- 63.54    (    74 %) 
    76 NJets2_BTags0_MHT1_HT2   1792    278.60 +/-  21.92  0.0242   36.64    1.024  1.014  1.032  1.001  1.018  1.004  1.012  1.014  1.091  1.020  1.005  1.083  1.004    1.000    1.000     1.000    1.000    1.000    1.000     1.000    1.187  1.000    1.000      1.104     0.0242 +/- 0.0061 ,    36.64 +/-  9.33    (    25 %) 
    77 NJets2_BTags0_MHT2_HT1    111     78.80 +/-  10.10  0.1328    4.28    1.109  1.000  1.001  1.062  1.006  1.000  1.087  1.182  1.001  1.067  1.030  1.318  1.012    1.000    1.000     1.000    1.000    2.048  1.000     1.000    1.000    1.000    1.000      1.000       0.1328 +/- 0.1492 ,     4.28 +/-  5.18    (   121 %) 
    78 NJets2_BTags0_MHT2_HT2    386    128.00 +/-  14.26  0.0119    3.08    1.027  1.015  1.035  1.001  1.020  1.004  1.013  1.015  1.102  1.022  1.006  1.093  1.004    1.000    1.000     1.000    1.000    1.000    1.000     1.000    1.000    1.545  1.000      1.000       0.0119 +/- 0.0067 ,     3.08 +/-  1.76    (    57 %) 
    79 NJets2_BTags0_MHT3_HT1     20     18.20 +/-   5.13  0.0571    0.10    1.109  1.000  1.001  1.062  1.006  1.000  1.087  1.182  1.001  1.067  1.030  1.318  1.012    1.000    1.000     1.000    1.000    1.000    1.676   1.000    1.000    1.000    1.000      1.000       0.0571 +/- 0.0450 ,     0.10 +/-  0.40    (   386 %) 
    80 NJets2_BTags0_MHT3_HT2     44     15.20 +/-   5.07  0.0081    0.23    1.023  1.013  1.030  1.001  1.017  1.004  1.011  1.013  1.087  1.019  1.005  1.080  1.004    1.000    1.000     1.000    1.000    1.000    1.000     1.000    1.000    1.000    1.483    1.142     0.0081 +/- 0.0042 ,     0.23 +/-  0.14    (    59 %) 
    81 NJets2_BTags1_MHT0_HT0    100     51.60 +/-   7.46  0.8645   41.84    1.087  1.000  1.000  1.008  1.000  1.000  1.112  1.001  1.000  1.020  1.000  1.207  1.001    1.374  1.000     1.000    1.000    1.000    1.000     1.000    1.000    1.000    1.000      1.289     0.8645 +/- 0.4630 ,    41.84 +/- 24.87    (    59 %) 
    82 NJets2_BTags1_MHT0_HT1   1131    527.10 +/-  39.80  0.0585   35.35    1.109  1.000  1.001  1.062  1.006  1.000  1.087  1.182  1.001  1.067  1.030  1.318  1.012    1.000    1.000     1.525  1.000    1.000    1.000     1.000    1.000    1.000    1.000      1.000       0.0585 +/- 0.0388 ,    35.35 +/- 23.61    (    67 %) 
    83 NJets2_BTags1_MHT0_HT2   1356    158.60 +/-  13.30  0.0249   29.79    1.027  1.015  1.035  1.001  1.020  1.004  1.013  1.015  1.102  1.022  1.006  1.093  1.004    1.000    1.000     1.000    1.000    1.000    1.000     1.143  1.000    1.000    1.000      1.000       0.0249 +/- 0.0052 ,    29.79 +/-  6.26    (    21 %) 
    84 NJets2_BTags1_MHT1_HT0     33      8.30 +/-   2.10  0.5643   13.94    1.122  1.000  1.000  1.012  1.000  1.000  1.157  1.001  1.000  1.028  1.000  1.292  1.002    1.000    1.855   1.000    1.000    1.000    1.000     1.000    1.000    1.000    1.000      1.000       0.5643 +/- 0.5221 ,    13.94 +/- 13.35    (    96 %) 
    85 NJets2_BTags1_MHT1_HT1    688    403.60 +/-  32.81  0.1213   34.51    1.109  1.000  1.001  1.062  1.006  1.000  1.087  1.182  1.001  1.067  1.030  1.318  1.012    1.000    1.000     1.000    1.617  1.000    1.000     1.000    1.000    1.000    1.000      1.000       0.1213 +/- 0.0895 ,    34.51 +/- 25.96    (    75 %) 
    86 NJets2_BTags1_MHT1_HT2   1195    231.30 +/-  19.09  0.0217   20.90    1.027  1.015  1.035  1.001  1.020  1.004  1.013  1.015  1.102  1.022  1.006  1.093  1.004    1.000    1.000     1.000    1.000    1.000    1.000     1.000    1.209  1.000    1.000      1.000       0.0217 +/- 0.0056 ,    20.90 +/-  5.44    (    26 %) 
    87 NJets2_BTags1_MHT2_HT1     59     48.30 +/-   5.95  0.1328    1.42    1.109  1.000  1.001  1.062  1.006  1.000  1.087  1.182  1.001  1.067  1.030  1.318  1.012    1.000    1.000     1.000    1.000    2.048  1.000     1.000    1.000    1.000    1.000      1.000       0.1328 +/- 0.1492 ,     1.42 +/-  2.05    (   144 %) 
    88 NJets2_BTags1_MHT2_HT2    257     82.60 +/-  10.32  0.0119    2.08    1.027  1.015  1.035  1.001  1.020  1.004  1.013  1.015  1.102  1.022  1.006  1.093  1.004    1.000    1.000     1.000    1.000    1.000    1.000     1.000    1.000    1.545  1.000      1.000       0.0119 +/- 0.0067 ,     2.08 +/-  1.20    (    58 %) 
    89 NJets2_BTags1_MHT3_HT1     18      8.40 +/-   2.27  0.0571    0.55    1.109  1.000  1.001  1.062  1.006  1.000  1.087  1.182  1.001  1.067  1.030  1.318  1.012    1.000    1.000     1.000    1.000    1.000    1.676   1.000    1.000    1.000    1.000      1.000       0.0571 +/- 0.0450 ,     0.55 +/-  0.51    (    93 %) 
    90 NJets2_BTags1_MHT3_HT2     34      8.80 +/-   3.32  0.0135    0.34    1.014  1.008  1.018  1.001  1.010  1.002  1.007  1.008  1.052  1.012  1.003  1.048  1.002    1.000    1.000     1.000    1.000    1.000    1.000     1.000    1.000    1.000    1.290    1.484     0.0135 +/- 0.0077 ,     0.34 +/-  0.21    (    63 %) 
    91 NJets2_BTags2_MHT0_HT0     31     18.20 +/-   4.55  0.6145    7.87    1.122  1.000  1.000  1.012  1.000  1.000  1.157  1.001  1.000  1.028  1.000  1.292  1.002    1.526  1.000     1.000    1.000    1.000    1.000     1.000    1.000    1.000    1.000      1.000       0.6145 +/- 0.3896 ,     7.87 +/-  6.66    (    85 %) 
    92 NJets2_BTags2_MHT0_HT1    477    284.70 +/-  22.75  0.0585   11.26    1.109  1.000  1.001  1.062  1.006  1.000  1.087  1.182  1.001  1.067  1.030  1.318  1.012    1.000    1.000     1.525  1.000    1.000    1.000     1.000    1.000    1.000    1.000      1.000       0.0585 +/- 0.0388 ,    11.26 +/-  7.68    (    68 %) 
    93 NJets2_BTags2_MHT0_HT2    469    102.10 +/-  11.17  0.0249    9.13    1.027  1.015  1.035  1.001  1.020  1.004  1.013  1.015  1.102  1.022  1.006  1.093  1.004    1.000    1.000     1.000    1.000    1.000    1.000     1.143  1.000    1.000    1.000      1.000       0.0249 +/- 0.0052 ,     9.13 +/-  1.99    (    22 %) 
    94 NJets2_BTags2_MHT1_HT0     10      1.70 +/-   0.66  0.5643    4.68    1.122  1.000  1.000  1.012  1.000  1.000  1.157  1.001  1.000  1.028  1.000  1.292  1.002    1.000    1.855   1.000    1.000    1.000    1.000     1.000    1.000    1.000    1.000      1.000       0.5643 +/- 0.5221 ,     4.68 +/-  4.70    (   100 %) 
    95 NJets2_BTags2_MHT1_HT1    283    204.30 +/-  17.91  0.1213    9.55    1.109  1.000  1.001  1.062  1.006  1.000  1.087  1.182  1.001  1.067  1.030  1.318  1.012    1.000    1.000     1.000    1.617  1.000    1.000     1.000    1.000    1.000    1.000      1.000       0.1213 +/- 0.0895 ,     9.55 +/-  7.65    (    80 %) 
    96 NJets2_BTags2_MHT1_HT2    449    135.10 +/-  12.72  0.0217    6.81    1.027  1.015  1.035  1.001  1.020  1.004  1.013  1.015  1.102  1.022  1.006  1.093  1.004    1.000    1.000     1.000    1.000    1.000    1.000     1.000    1.209  1.000    1.000      1.000       0.0217 +/- 0.0056 ,     6.81 +/-  1.83    (    27 %) 
    97 NJets2_BTags2_MHT2_HT1     28     16.50 +/-   2.66  0.1328    1.53    1.109  1.000  1.001  1.062  1.006  1.000  1.087  1.182  1.001  1.067  1.030  1.318  1.012    1.000    1.000     1.000    1.000    2.048  1.000     1.000    1.000    1.000    1.000      1.000       0.1328 +/- 0.1492 ,     1.53 +/-  1.89    (   124 %) 
    98 NJets2_BTags2_MHT2_HT2     66     46.10 +/-   6.74  0.0157    0.31    1.020  1.012  1.027  1.001  1.015  1.003  1.010  1.012  1.077  1.017  1.005  1.071  1.003    1.000    1.000     1.000    1.000    1.000    1.000     1.000    1.000    1.414  1.000      1.241     0.0157 +/- 0.0077 ,     0.31 +/-  0.23    (    72 %) 
    99 NJets2_BTags2_MHT3_HT1      4      3.00 +/-   0.92  0.0571    0.06    1.109  1.000  1.001  1.062  1.006  1.000  1.087  1.182  1.001  1.067  1.030  1.318  1.012    1.000    1.000     1.000    1.000    1.000    1.676   1.000    1.000    1.000    1.000      1.000       0.0571 +/- 0.0450 ,     0.06 +/-  0.13    (     0 %) 
   100 NJets2_BTags2_MHT3_HT2      7      3.50 +/-   1.42  0.0070    0.02    1.027  1.015  1.035  1.001  1.020  1.004  1.013  1.015  1.102  1.022  1.006  1.093  1.004    1.000    1.000     1.000    1.000    1.000    1.000     1.000    1.000    1.000    1.563    1.000       0.0070 +/- 0.0041 ,     0.02 +/-  0.03    (     0 %) 
   101 NJets2_BTags3_MHT0_HT0      8      3.30 +/-   1.16  0.6145    2.89    1.122  1.000  1.000  1.012  1.000  1.000  1.157  1.001  1.000  1.028  1.000  1.292  1.002    1.526  1.000     1.000    1.000    1.000    1.000     1.000    1.000    1.000    1.000      1.000       0.6145 +/- 0.3896 ,     2.89 +/-  2.62    (    91 %) 
   102 NJets2_BTags3_MHT0_HT1     99     71.20 +/-   9.81  0.1274    3.54    1.050  1.000  1.000  1.029  1.003  1.000  1.040  1.083  1.001  1.031  1.014  1.146  1.005    1.000    1.000     1.241  1.000    1.000    1.000     1.000    1.000    1.000    1.000      1.540     0.1274 +/- 0.0790 ,     3.54 +/-  2.83    (    80 %) 
   103 NJets2_BTags3_MHT0_HT2     97     28.50 +/-   6.29  0.0375    2.57    1.018  1.010  1.023  1.001  1.013  1.003  1.009  1.010  1.067  1.015  1.004  1.062  1.003    1.000    1.000     1.000    1.000    1.000    1.000     1.095  1.000    1.000    1.000      1.337     0.0375 +/- 0.0137 ,     2.57 +/-  1.03    (    40 %) 
   104 NJets2_BTags3_MHT1_HT0      1      0.80 +/-   0.76  0.5643    0.11    1.122  1.000  1.000  1.012  1.000  1.000  1.157  1.001  1.000  1.028  1.000  1.292  1.002    1.000    1.855   1.000    1.000    1.000    1.000     1.000    1.000    1.000    1.000      1.000       0.5643 +/- 0.5221 ,     0.11 +/-  0.72    (   635 %) 
   105 NJets2_BTags3_MHT1_HT1     69     47.70 +/-   7.50  0.1213    2.58    1.109  1.000  1.001  1.062  1.006  1.000  1.087  1.182  1.001  1.067  1.030  1.318  1.012    1.000    1.000     1.000    1.617  1.000    1.000     1.000    1.000    1.000    1.000      1.000       0.1213 +/- 0.0895 ,     2.58 +/-  2.34    (    91 %) 
   106 NJets2_BTags3_MHT1_HT2    118     37.70 +/-   5.85  0.0727    5.84    1.008  1.005  1.011  1.000  1.006  1.001  1.004  1.005  1.030  1.007  1.002  1.028  1.001    1.000    1.000     1.000    1.000    1.000    1.000     1.000    1.062  1.000    1.000      1.702     0.0727 +/- 0.0513 ,     5.84 +/-  4.21    (    72 %) 
   107 NJets2_BTags3_MHT2_HT1      1      3.00 +/-   1.05  0.1328   -0.27    1.109  1.000  1.001  1.062  1.006  1.000  1.087  1.182  1.001  1.067  1.030  1.318  1.012    1.000    1.000     1.000    1.000    2.048  1.000     1.000    1.000    1.000    1.000      1.000       0.1328 +/- 0.1492 ,    -0.27 +/-  0.00    (     0 %) 
   108 NJets2_BTags3_MHT2_HT2     29     10.50 +/-   2.30  0.0119    0.22    1.027  1.015  1.035  1.001  1.020  1.004  1.013  1.015  1.102  1.022  1.006  1.093  1.004    1.000    1.000     1.000    1.000    1.000    1.000     1.000    1.000    1.545  1.000      1.000       0.0119 +/- 0.0067 ,     0.22 +/-  0.14    (    65 %) 
   109 NJets2_BTags3_MHT3_HT1      0      1.90 +/-   1.41  0.0571   -0.11    1.109  1.000  1.001  1.062  1.006  1.000  1.087  1.182  1.001  1.067  1.030  1.318  1.012    1.000    1.000     1.000    1.000    1.000    1.676   1.000    1.000    1.000    1.000      1.000       0.0571 +/- 0.0450 ,    -0.11 +/-  0.00    (     0 %) 
   110 NJets2_BTags3_MHT3_HT2      3      1.00 +/-   0.61  0.0070    0.01    1.027  1.015  1.035  1.001  1.020  1.004  1.013  1.015  1.102  1.022  1.006  1.093  1.004    1.000    1.000     1.000    1.000    1.000    1.000     1.000    1.000    1.000    1.563    1.000       0.0070 +/- 0.0041 ,     0.01 +/-  0.02    (     0 %) 
   111 NJets3_BTags0_MHT0_HT1    154     58.00 +/-   7.56  0.0807    7.74    1.043  1.000  1.000  1.056  1.001  1.000  1.282  1.016  1.000  1.547  1.003  1.602  1.065    1.000    1.000     1.384  1.000    1.000    1.000     1.000    1.000    1.000    1.000      1.269     0.0807 +/- 0.0794 ,     7.74 +/-  7.71    (   100 %) 
   112 NJets3_BTags0_MHT0_HT2    377     42.70 +/-   5.26  0.0579   19.34    1.002  1.002  1.002  1.008  1.003  1.000  1.024  1.038  1.000  1.041  1.130  1.074  1.004    1.000    1.000     1.000    1.000    1.000    1.000     1.119  1.000    1.000    1.000      1.170     0.0579 +/- 0.0152 ,    19.34 +/-  5.22    (    27 %) 
   113 NJets3_BTags0_MHT1_HT1     98     42.90 +/-   5.85  0.2562   14.12    1.028  1.000  1.000  1.036  1.000  1.000  1.184  1.011  1.000  1.357  1.002  1.393  1.042    1.000    1.000     1.000    1.294  1.000    1.000     1.000    1.000    1.000    1.000      1.523     0.2562 +/- 0.2112 ,    14.12 +/- 12.01    (    85 %) 
   114 NJets3_BTags0_MHT1_HT2    342     68.10 +/-   9.16  0.0455   12.48    1.002  1.003  1.002  1.009  1.003  1.000  1.027  1.042  1.001  1.046  1.144  1.082  1.004    1.000    1.000     1.000    1.000    1.000    1.000     1.000    1.192  1.000    1.000      1.081     0.0455 +/- 0.0125 ,    12.48 +/-  3.55    (    28 %) 
   115 NJets3_BTags0_MHT2_HT1      8      4.20 +/-   1.32  0.1339    0.51    1.059  1.000  1.000  1.077  1.001  1.000  1.385  1.022  1.000  1.748  1.004  1.823  1.089    1.000    1.000     1.000    1.000    2.048  1.000     1.000    1.000    1.000    1.000      1.000       0.1339 +/- 0.2117 ,     0.51 +/-  0.91    (   178 %) 
   116 NJets3_BTags0_MHT2_HT2     61     26.70 +/-   5.42  0.0230    0.79    1.003  1.003  1.002  1.009  1.003  1.000  1.029  1.046  1.001  1.050  1.157  1.089  1.004    1.000    1.000     1.000    1.000    1.000    1.000     1.000    1.000    1.545  1.000      1.000       0.0230 +/- 0.0133 ,     0.79 +/-  0.51    (    64 %) 
   117 NJets3_BTags0_MHT3_HT1      1      2.20 +/-   1.61  0.0576   -0.07    1.059  1.000  1.000  1.077  1.001  1.000  1.385  1.022  1.000  1.748  1.004  1.823  1.089    1.000    1.000     1.000    1.000    1.000    1.676   1.000    1.000    1.000    1.000      1.000       0.0576 +/- 0.0785 ,    -0.07 +/-  0.00    (     0 %) 
   118 NJets3_BTags0_MHT3_HT2      4      3.40 +/-   2.13  0.0458    0.03    1.001  1.001  1.001  1.003  1.001  1.000  1.009  1.013  1.000  1.015  1.046  1.026  1.001    1.000    1.000     1.000    1.000    1.000    1.000     1.000    1.000    1.000    1.165    1.706     0.0458 +/- 0.0333 ,     0.03 +/-  0.14    (     0 %) 
   119 NJets3_BTags1_MHT0_HT1    149     67.00 +/-   7.89  0.0590    4.84    1.059  1.000  1.000  1.077  1.001  1.000  1.385  1.022  1.000  1.748  1.004  1.823  1.089    1.000    1.000     1.525  1.000    1.000    1.000     1.000    1.000    1.000    1.000      1.000       0.0590 +/- 0.0764 ,     4.84 +/-  6.32    (   131 %) 
   120 NJets3_BTags1_MHT0_HT2    346     66.90 +/-   7.36  0.0488   13.61    1.003  1.003  1.002  1.009  1.003  1.000  1.029  1.045  1.001  1.049  1.154  1.088  1.004    1.000    1.000     1.000    1.000    1.000    1.000     1.141  1.000    1.000    1.000      1.015     0.0488 +/- 0.0116 ,    13.61 +/-  3.39    (    25 %) 
   121 NJets3_BTags1_MHT1_HT1    100     47.20 +/-   5.32  0.2121   11.20    1.034  1.000  1.000  1.044  1.000  1.000  1.222  1.013  1.000  1.431  1.002  1.474  1.051    1.000    1.000     1.000    1.356  1.000    1.000     1.000    1.000    1.000    1.000      1.423     0.2121 +/- 0.1864 ,    11.20 +/- 10.13    (    90 %) 
   122 NJets3_BTags1_MHT1_HT2    342     85.40 +/-   9.04  0.0419   10.74    1.003  1.003  1.002  1.009  1.003  1.000  1.029  1.046  1.001  1.050  1.157  1.089  1.004    1.000    1.000     1.000    1.000    1.000    1.000     1.000    1.209  1.000    1.000      1.000       0.0419 +/- 0.0120 ,    10.74 +/-  3.19    (    30 %) 
   123 NJets3_BTags1_MHT2_HT1      5      4.70 +/-   1.15  0.1339    0.04    1.059  1.000  1.000  1.077  1.001  1.000  1.385  1.022  1.000  1.748  1.004  1.823  1.089    1.000    1.000     1.000    1.000    2.048  1.000     1.000    1.000    1.000    1.000      1.000       0.1339 +/- 0.2117 ,     0.04 +/-  0.34    (     0 %) 
   124 NJets3_BTags1_MHT2_HT2     68     26.10 +/-   4.96  0.0230    0.96    1.003  1.003  1.002  1.009  1.003  1.000  1.029  1.046  1.001  1.050  1.157  1.089  1.004    1.000    1.000     1.000    1.000    1.000    1.000     1.000    1.000    1.545  1.000      1.000       0.0230 +/- 0.0133 ,     0.96 +/-  0.60    (    62 %) 
   125 NJets3_BTags1_MHT3_HT1      4      1.20 +/-   0.93  0.0576    0.16    1.059  1.000  1.000  1.077  1.001  1.000  1.385  1.022  1.000  1.748  1.004  1.823  1.089    1.000    1.000     1.000    1.000    1.000    1.676   1.000    1.000    1.000    1.000      1.000       0.0576 +/- 0.0785 ,     0.16 +/-  0.25    (   158 %) 
   126 NJets3_BTags1_MHT3_HT2      4      2.40 +/-   1.14  0.0135    0.02    1.003  1.003  1.002  1.009  1.003  1.000  1.029  1.046  1.001  1.050  1.157  1.089  1.004    1.000    1.000     1.000    1.000    1.000    1.000     1.000    1.000    1.000    1.563    1.000       0.0135 +/- 0.0080 ,     0.02 +/-  0.03    (     0 %) 
   127 NJets3_BTags2_MHT0_HT1     77     65.20 +/-   7.17  0.0590    0.70    1.059  1.000  1.000  1.077  1.001  1.000  1.385  1.022  1.000  1.748  1.004  1.823  1.089    1.000    1.000     1.525  1.000    1.000    1.000     1.000    1.000    1.000    1.000      1.000       0.0590 +/- 0.0764 ,     0.70 +/-  1.12    (   161 %) 
   128 NJets3_BTags2_MHT0_HT2    184     55.90 +/-   5.64  0.0480    6.15    1.003  1.003  1.002  1.009  1.003  1.000  1.029  1.046  1.001  1.050  1.157  1.089  1.004    1.000    1.000     1.000    1.000    1.000    1.000     1.143  1.000    1.000    1.000      1.000       0.0480 +/- 0.0116 ,     6.15 +/-  1.65    (    27 %) 
   129 NJets3_BTags2_MHT1_HT1     54     43.10 +/-   8.86  0.1223    1.33    1.059  1.000  1.000  1.077  1.001  1.000  1.385  1.022  1.000  1.748  1.004  1.823  1.089    1.000    1.000     1.000    1.617  1.000    1.000     1.000    1.000    1.000    1.000      1.000       0.1223 +/- 0.1633 ,     1.33 +/-  2.27    (   170 %) 
   130 NJets3_BTags2_MHT1_HT2    159     63.30 +/-   7.51  0.0419    4.01    1.003  1.003  1.002  1.009  1.003  1.000  1.029  1.046  1.001  1.050  1.157  1.089  1.004    1.000    1.000     1.000    1.000    1.000    1.000     1.000    1.209  1.000    1.000      1.000       0.0419 +/- 0.0120 ,     4.01 +/-  1.30    (    32 %) 
   131 NJets3_BTags2_MHT2_HT1      3      1.60 +/-   0.56  0.1339    0.19    1.059  1.000  1.000  1.077  1.001  1.000  1.385  1.022  1.000  1.748  1.004  1.823  1.089    1.000    1.000     1.000    1.000    2.048  1.000     1.000    1.000    1.000    1.000      1.000       0.1339 +/- 0.2117 ,     0.19 +/-  0.38    (   205 %) 
   132 NJets3_BTags2_MHT2_HT2     35     15.10 +/-   3.13  0.0230    0.46    1.003  1.003  1.002  1.009  1.003  1.000  1.029  1.046  1.001  1.050  1.157  1.089  1.004    1.000    1.000     1.000    1.000    1.000    1.000     1.000    1.000    1.545  1.000      1.000       0.0230 +/- 0.0133 ,     0.46 +/-  0.31    (    67 %) 
   133 NJets3_BTags2_MHT3_HT1      1      0.10 +/-   0.22  0.0576    0.05    1.059  1.000  1.000  1.077  1.001  1.000  1.385  1.022  1.000  1.748  1.004  1.823  1.089    1.000    1.000     1.000    1.000    1.000    1.676   1.000    1.000    1.000    1.000      1.000       0.0576 +/- 0.0785 ,     0.05 +/-  0.09    (     0 %) 
   134 NJets3_BTags2_MHT3_HT2      5      2.40 +/-   0.95  0.1246    0.32    1.000  1.000  1.000  1.001  1.000  1.000  1.003  1.005  1.000  1.005  1.017  1.010  1.000    1.000    1.000     1.000    1.000    1.000    1.000     1.000    1.000    1.000    1.061    1.892     0.1246 +/- 0.1114 ,     0.32 +/-  0.42    (   129 %) 
   135 NJets3_BTags3_MHT0_HT1     24     21.00 +/-   3.25  0.0590    0.18    1.059  1.000  1.000  1.077  1.001  1.000  1.385  1.022  1.000  1.748  1.004  1.823  1.089    1.000    1.000     1.525  1.000    1.000    1.000     1.000    1.000    1.000    1.000      1.000       0.0590 +/- 0.0764 ,     0.18 +/-  0.42    (   235 %) 
   136 NJets3_BTags3_MHT0_HT2     60     19.80 +/-   3.85  0.0480    1.93    1.003  1.003  1.002  1.009  1.003  1.000  1.029  1.046  1.001  1.050  1.157  1.089  1.004    1.000    1.000     1.000    1.000    1.000    1.000     1.143  1.000    1.000    1.000      1.000       0.0480 +/- 0.0116 ,     1.93 +/-  0.63    (    32 %) 
   137 NJets3_BTags3_MHT1_HT1     15     10.10 +/-   1.91  0.1223    0.60    1.059  1.000  1.000  1.077  1.001  1.000  1.385  1.022  1.000  1.748  1.004  1.823  1.089    1.000    1.000     1.000    1.617  1.000    1.000     1.000    1.000    1.000    1.000      1.000       0.1223 +/- 0.1633 ,     0.60 +/-  0.96    (   160 %) 
   138 NJets3_BTags3_MHT1_HT2     55     23.60 +/-   4.45  0.0481    1.51    1.002  1.003  1.002  1.008  1.003  1.000  1.026  1.040  1.001  1.043  1.137  1.077  1.004    1.000    1.000     1.000    1.000    1.000    1.000     1.000    1.182  1.000    1.000      1.129     0.0481 +/- 0.0135 ,     1.51 +/-  0.59    (    39 %) 
   139 NJets3_BTags3_MHT2_HT1      1      0.70 +/-   0.50  0.1339    0.04    1.059  1.000  1.000  1.077  1.001  1.000  1.385  1.022  1.000  1.748  1.004  1.823  1.089    1.000    1.000     1.000    1.000    2.048  1.000     1.000    1.000    1.000    1.000      1.000       0.1339 +/- 0.2117 ,     0.04 +/-  0.16    (     0 %) 
   140 NJets3_BTags3_MHT2_HT2     11      7.10 +/-   2.00  0.0518    0.20    1.001  1.001  1.001  1.004  1.001  1.000  1.013  1.020  1.000  1.022  1.070  1.039  1.002    1.000    1.000     1.000    1.000    1.000    1.000     1.000    1.000    1.242  1.000      1.556     0.0518 +/- 0.0317 ,     0.20 +/-  0.24    (   117 %) 
   141 NJets3_BTags3_MHT3_HT1      0      0.30 +/-   1.06  0.0576   -0.02    1.059  1.000  1.000  1.077  1.001  1.000  1.385  1.022  1.000  1.748  1.004  1.823  1.089    1.000    1.000     1.000    1.000    1.000    1.676   1.000    1.000    1.000    1.000      1.000       0.0576 +/- 0.0785 ,    -0.02 +/-  0.00    (     0 %) 
   142 NJets3_BTags3_MHT3_HT2      1      0.20 +/-   0.14  0.0135    0.01    1.003  1.003  1.002  1.009  1.003  1.000  1.029  1.046  1.001  1.050  1.157  1.089  1.004    1.000    1.000     1.000    1.000    1.000    1.000     1.000    1.000    1.000    1.563    1.000       0.0135 +/- 0.0080 ,     0.01 +/-  0.02    (     0 %) 
   143 NJets4_BTags0_MHT0_HT1      4      2.80 +/-   0.83  0.3920    0.47    1.452  1.000  1.000  1.002  1.000  1.000  1.023  1.000  1.000  1.008  1.000  1.494  1.000    1.000    1.000     1.190  1.000    1.000    1.000     1.000    1.000    1.000    1.000      1.638     0.3920 +/- 0.3704 ,     0.47 +/-  0.96    (   204 %) 
   144 NJets4_BTags0_MHT0_HT2     58      5.90 +/-   1.60  0.1302    6.78    1.012  1.000  1.000  1.047  1.000  1.000  1.035  1.002  1.000  1.066  1.001  1.079  1.201    1.000    1.000     1.000    1.000    1.000    1.000     1.105  1.000    1.000    1.000      1.271     0.1302 +/- 0.0485 ,     6.78 +/-  2.72    (    40 %) 
   145 NJets4_BTags0_MHT1_HT1      4      1.40 +/-   0.56  0.2944    0.77    2.249  1.000  1.000  1.004  1.000  1.000  1.064  1.000  1.000  1.022  1.000  2.365  1.001    1.000    1.000     1.000    1.617  1.000    1.000     1.000    1.000    1.000    1.000      1.000       0.2944 +/- 0.5745 ,     0.77 +/-  1.61    (   211 %) 
   146 NJets4_BTags0_MHT1_HT2     42      9.40 +/-   2.49  0.2729    8.90    1.005  1.000  1.000  1.020  1.000  1.000  1.014  1.001  1.000  1.027  1.000  1.033  1.084    1.000    1.000     1.000    1.000    1.000    1.000     1.000    1.063  1.000    1.000      1.697     0.2729 +/- 0.1927 ,     8.90 +/-  6.56    (    74 %) 
   147 NJets4_BTags0_MHT2_HT1      0      0.20 +/-   0.28  0.3223   -0.06    2.249  1.000  1.000  1.004  1.000  1.000  1.064  1.000  1.000  1.022  1.000  2.365  1.001    1.000    1.000     1.000    1.000    2.048  1.000     1.000    1.000    1.000    1.000      1.000       0.3223 +/- 0.6857 ,    -0.06 +/-  0.00    (     0 %) 
   148 NJets4_BTags0_MHT2_HT2      9      8.10 +/-   6.87  0.0455    0.04    1.017  1.001  1.000  1.065  1.000  1.000  1.048  1.003  1.000  1.091  1.001  1.108  1.276    1.000    1.000     1.000    1.000    1.000    1.000     1.000    1.000    1.545  1.000      1.000       0.0455 +/- 0.0288 ,     0.04 +/-  0.34    (     0 %) 
   149 NJets4_BTags0_MHT3_HT1      1      0.10 +/-   0.14  0.1386    0.12    2.249  1.000  1.000  1.004  1.000  1.000  1.064  1.000  1.000  1.022  1.000  2.365  1.001    1.000    1.000     1.000    1.000    1.000    1.676   1.000    1.000    1.000    1.000      1.000       0.1386 +/- 0.2731 ,     0.12 +/-  0.28    (   227 %) 
   150 NJets4_BTags0_MHT3_HT2      0      1.30 +/-   1.39  0.0266   -0.03    1.017  1.001  1.000  1.065  1.000  1.000  1.048  1.003  1.000  1.091  1.001  1.108  1.276    1.000    1.000     1.000    1.000    1.000    1.000     1.000    1.000    1.000    1.563    1.000       0.0266 +/- 0.0172 ,    -0.03 +/-  0.00    (     0 %) 
   151 NJets4_BTags1_MHT0_HT1      9      4.30 +/-   1.06  0.1420    0.67    2.249  1.000  1.000  1.004  1.000  1.000  1.064  1.000  1.000  1.022  1.000  2.365  1.001    1.000    1.000     1.525  1.000    1.000    1.000     1.000    1.000    1.000    1.000      1.000       0.1420 +/- 0.2733 ,     0.67 +/-  1.36    (   204 %) 
   152 NJets4_BTags1_MHT0_HT2     51     14.10 +/-   2.24  0.1038    3.83    1.016  1.001  1.000  1.059  1.000  1.000  1.043  1.003  1.000  1.083  1.001  1.099  1.252    1.000    1.000     1.000    1.000    1.000    1.000     1.131  1.000    1.000    1.000      1.085     0.1038 +/- 0.0345 ,     3.83 +/-  1.49    (    39 %) 
   153 NJets4_BTags1_MHT1_HT1      3      2.70 +/-   0.72  0.2944    0.09    2.249  1.000  1.000  1.004  1.000  1.000  1.064  1.000  1.000  1.022  1.000  2.365  1.001    1.000    1.000     1.000    1.617  1.000    1.000     1.000    1.000    1.000    1.000      1.000       0.2944 +/- 0.5745 ,     0.09 +/-  0.58    (     0 %) 
   154 NJets4_BTags1_MHT1_HT2     53     21.60 +/-   3.25  0.0828    2.60    1.017  1.001  1.000  1.065  1.000  1.000  1.048  1.003  1.000  1.091  1.001  1.108  1.276    1.000    1.000     1.000    1.000    1.000    1.000     1.000    1.209  1.000    1.000      1.000       0.0828 +/- 0.0316 ,     2.60 +/-  1.19    (    46 %) 
   155 NJets4_BTags1_MHT2_HT1      0      0.10 +/-   0.14  0.3223   -0.03    2.249  1.000  1.000  1.004  1.000  1.000  1.064  1.000  1.000  1.022  1.000  2.365  1.001    1.000    1.000     1.000    1.000    2.048  1.000     1.000    1.000    1.000    1.000      1.000       0.3223 +/- 0.6857 ,    -0.03 +/-  0.00    (     0 %) 
   156 NJets4_BTags1_MHT2_HT2     22      9.10 +/-   5.21  0.0471    0.61    1.017  1.001  1.000  1.063  1.000  1.000  1.046  1.003  1.000  1.087  1.001  1.104  1.266    1.000    1.000     1.000    1.000    1.000    1.000     1.000    1.000    1.527  1.000      1.034     0.0471 +/- 0.0288 ,     0.61 +/-  0.50    (    82 %) 
   157 NJets4_BTags1_MHT3_HT1      0      0.10 +/-   0.00  0.1386   -0.01    2.249  1.000  1.000  1.004  1.000  1.000  1.064  1.000  1.000  1.022  1.000  2.365  1.001    1.000    1.000     1.000    1.000    1.000    1.676   1.000    1.000    1.000    1.000      1.000       0.1386 +/- 0.2731 ,    -0.01 +/-  0.00    (     0 %) 
   158 NJets4_BTags1_MHT3_HT2      1      1.40 +/-   1.14  0.0266   -0.01    1.017  1.001  1.000  1.065  1.000  1.000  1.048  1.003  1.000  1.091  1.001  1.108  1.276    1.000    1.000     1.000    1.000    1.000    1.000     1.000    1.000    1.000    1.563    1.000       0.0266 +/- 0.0172 ,    -0.01 +/-  0.00    (     0 %) 
   159 NJets4_BTags2_MHT0_HT1      9      4.10 +/-   1.01  0.1420    0.70    2.249  1.000  1.000  1.004  1.000  1.000  1.064  1.000  1.000  1.022  1.000  2.365  1.001    1.000    1.000     1.525  1.000    1.000    1.000     1.000    1.000    1.000    1.000      1.000       0.1420 +/- 0.2733 ,     0.70 +/-  1.41    (   203 %) 
   160 NJets4_BTags2_MHT0_HT2     45     12.20 +/-   1.79  0.1048    3.44    1.015  1.001  1.000  1.059  1.000  1.000  1.043  1.003  1.000  1.082  1.001  1.098  1.250    1.000    1.000     1.000    1.000    1.000    1.000     1.130  1.000    1.000    1.000      1.094     0.1048 +/- 0.0347 ,     3.44 +/-  1.35    (    39 %) 
   161 NJets4_BTags2_MHT1_HT1      4      3.10 +/-   0.90  0.2944    0.26    2.249  1.000  1.000  1.004  1.000  1.000  1.064  1.000  1.000  1.022  1.000  2.365  1.001    1.000    1.000     1.000    1.617  1.000    1.000     1.000    1.000    1.000    1.000      1.000       0.2944 +/- 0.5745 ,     0.26 +/-  0.83    (   312 %) 
   162 NJets4_BTags2_MHT1_HT2     30     14.10 +/-   2.30  0.0828    1.32    1.017  1.001  1.000  1.065  1.000  1.000  1.048  1.003  1.000  1.091  1.001  1.108  1.276    1.000    1.000     1.000    1.000    1.000    1.000     1.000    1.209  1.000    1.000      1.000       0.0828 +/- 0.0316 ,     1.32 +/-  0.70    (    53 %) 
   163 NJets4_BTags2_MHT2_HT1      0      0.40 +/-   0.30  0.3223   -0.13    2.249  1.000  1.000  1.004  1.000  1.000  1.064  1.000  1.000  1.022  1.000  2.365  1.001    1.000    1.000     1.000    1.000    2.048  1.000     1.000    1.000    1.000    1.000      1.000       0.3223 +/- 0.6857 ,    -0.13 +/-  0.00    (     0 %) 
   164 NJets4_BTags2_MHT2_HT2     12      4.00 +/-   1.77  0.0455    0.36    1.017  1.001  1.000  1.065  1.000  1.000  1.048  1.003  1.000  1.091  1.001  1.108  1.276    1.000    1.000     1.000    1.000    1.000    1.000     1.000    1.000    1.545  1.000      1.000       0.0455 +/- 0.0288 ,     0.36 +/-  0.29    (    80 %) 
   165 NJets4_BTags2_MHT3_HT1      0      0.00 +/-   0.00  0.1386    0.00    2.249  1.000  1.000  1.004  1.000  1.000  1.064  1.000  1.000  1.022  1.000  2.365  1.001    1.000    1.000     1.000    1.000    1.000    1.676   1.000    1.000    1.000    1.000      1.000       0.1386 +/- 0.2731 ,     0.00 +/-  0.00    (     0 %) 
   166 NJets4_BTags2_MHT3_HT2      2      0.50 +/-   0.53  0.0266    0.04    1.017  1.001  1.000  1.065  1.000  1.000  1.048  1.003  1.000  1.091  1.001  1.108  1.276    1.000    1.000     1.000    1.000    1.000    1.000     1.000    1.000    1.000    1.563    1.000       0.0266 +/- 0.0172 ,     0.04 +/-  0.05    (     0 %) 
   167 NJets4_BTags3_MHT0_HT1      3      1.10 +/-   0.49  0.1420    0.27    2.249  1.000  1.000  1.004  1.000  1.000  1.064  1.000  1.000  1.022  1.000  2.365  1.001    1.000    1.000     1.525  1.000    1.000    1.000     1.000    1.000    1.000    1.000      1.000       0.1420 +/- 0.2733 ,     0.27 +/-  0.58    (   214 %) 
   168 NJets4_BTags3_MHT0_HT2      9      3.50 +/-   1.26  0.1440    0.79    1.011  1.000  1.000  1.043  1.000  1.000  1.031  1.002  1.000  1.060  1.001  1.071  1.182    1.000    1.000     1.000    1.000    1.000    1.000     1.095  1.000    1.000    1.000      1.340     0.1440 +/- 0.0592 ,     0.79 +/-  0.57    (    72 %) 
   169 NJets4_BTags3_MHT1_HT1      2      0.60 +/-   0.39  0.2944    0.41    2.249  1.000  1.000  1.004  1.000  1.000  1.064  1.000  1.000  1.022  1.000  2.365  1.001    1.000    1.000     1.000    1.617  1.000    1.000     1.000    1.000    1.000    1.000      1.000       0.2944 +/- 0.5745 ,     0.41 +/-  0.91    (   221 %) 
   170 NJets4_BTags3_MHT1_HT2     15      5.50 +/-   2.04  0.0828    0.79    1.017  1.001  1.000  1.065  1.000  1.000  1.048  1.003  1.000  1.091  1.001  1.108  1.276    1.000    1.000     1.000    1.000    1.000    1.000     1.000    1.209  1.000    1.000      1.000       0.0828 +/- 0.0316 ,     0.79 +/-  0.47    (    60 %) 
   171 NJets4_BTags3_MHT2_HT1      0      0.00 +/-   0.00  0.3223    0.00    2.249  1.000  1.000  1.004  1.000  1.000  1.064  1.000  1.000  1.022  1.000  2.365  1.001    1.000    1.000     1.000    1.000    2.048  1.000     1.000    1.000    1.000    1.000      1.000       0.3223 +/- 0.6857 ,     0.00 +/-  0.00    (     0 %) 
   172 NJets4_BTags3_MHT2_HT2      5      0.80 +/-   0.45  0.0455    0.19    1.017  1.001  1.000  1.065  1.000  1.000  1.048  1.003  1.000  1.091  1.001  1.108  1.276    1.000    1.000     1.000    1.000    1.000    1.000     1.000    1.000    1.545  1.000      1.000       0.0455 +/- 0.0288 ,     0.19 +/-  0.16    (    83 %) 
   173 NJets4_BTags3_MHT3_HT1      0      0.00 +/-   0.00  0.1386    0.00    2.249  1.000  1.000  1.004  1.000  1.000  1.064  1.000  1.000  1.022  1.000  2.365  1.001    1.000    1.000     1.000    1.000    1.000    1.676   1.000    1.000    1.000    1.000      1.000       0.1386 +/- 0.2731 ,     0.00 +/-  0.00    (     0 %) 
   174 NJets4_BTags3_MHT3_HT2      0      0.30 +/-   0.36  0.0266   -0.01    1.017  1.001  1.000  1.065  1.000  1.000  1.048  1.003  1.000  1.091  1.001  1.108  1.276    1.000    1.000     1.000    1.000    1.000    1.000     1.000    1.000    1.000    1.563    1.000       0.0266 +/- 0.0172 ,    -0.01 +/-  0.00    (     0 %) 
