 binIndex : nMCGJ( nMCerr)|nMCEBt |nMCECt |Nobs |nEB| pEB(pEBerr) |nEC| pEC(pECerr) | trigW(trigWsysErr,trigWerr) | SF(SFerr) |ZgR(REr1) |f(fsysErr,+ferrUp-ferrDn) |purity(pErr)| DR(+DRup-DRlow)| Yield(+YstatUp-YstatLow,+YsysUp-YsysLow)
 1 : 54562.629( 0.067)|43368.491 |11194.138 |63108.0 |48930.0| 0.936(0.016) |14178.0| 0.96(0.017) | 1.0(0.02,0.007) | 0.974(0.067) |0.412(0.005) |0.969(0.3,+0.002-0.002) |0.941(0.017)| 1.0(+0.0-0.0)| 24381.366(+0.01-0.01,+0.309-0.309)
 2 : 4155.48( 0.067)|3323.743 |831.737 |3492.0 |2766.0| 0.936(0.016) |726.0| 0.96(0.017) | 1.0(0.02,0.007) | 0.974(0.067) |0.388(0.01) |0.973(0.3,+0.004-0.004) |0.941(0.017)| 1.0(+0.0-0.0)| 1276.034(+0.046-0.046,+0.309-0.309)
 3 : 303.92( 0.074)|250.973 |52.947 |192.0 |161.0| 0.936(0.016) |31.0| 0.96(0.017) | 1.0(0.02,0.007) | 0.974(0.067) |0.451(0.037) |0.979(0.3,+0.005-0.005) |0.94(0.017)| 1.0(+0.0-0.0)| 81.835(+0.169-0.169,+0.311-0.311)
 4 : 50482.98( 0.067)|41821.505 |8661.476 |54361.0 |44005.0| 0.953(0.011) |10356.0| 0.948(0.017) | 1.0(0.02,0.007) | 0.974(0.067) |0.419(0.004) |0.977(0.3,+0.002-0.002) |0.952(0.012)| 1.0(+0.0-0.0)| 21747.326(+0.011-0.011,+0.308-0.308)
 5 : 11551.075( 0.067)|9755.699 |1795.376 |10474.0 |8794.0| 0.953(0.011) |1680.0| 0.948(0.017) | 1.0(0.02,0.007) | 0.974(0.067) |0.401(0.006) |0.969(0.3,+0.002-0.002) |0.952(0.012)| 1.0(+0.0-0.0)| 3977.126(+0.026-0.026,+0.308-0.308)
 6 : 698.738( 0.07)|607.678 |91.059 |474.0 |414.0| 0.953(0.011) |60.0| 0.948(0.017) | 1.0(0.02,0.007) | 0.974(0.067) |0.407(0.024) |0.978(0.3,+0.003-0.003) |0.952(0.012)| 1.0(+0.0-0.0)| 184.471(+0.118-0.118,+0.309-0.309)
 7 : 4875.229( 0.067)|4469.846 |405.383 |4393.0 |3947.0| 0.97(0.007) |446.0| 0.892(0.036) | 1.0(0.02,0.006) | 0.974(0.067) |0.409(0.009) |0.985(0.3,+0.002-0.002) |0.962(0.009)| 1.0(+0.0-0.0)| 1747.187(+0.038-0.038,+0.308-0.308)
 8 : 209.605( 0.077)|196.474 |13.131 |152.0 |134.0| 0.97(0.007) |18.0| 0.892(0.036) | 1.0(0.02,0.007) | 0.974(0.067) |0.393(0.044) |0.984(0.3,+0.004-0.004) |0.961(0.01)| 1.0(+0.0-0.0)| 58.038(+0.212-0.212,+0.311-0.311)
 9 : 837.86( 0.07)|810.391 |27.469 |695.0 |673.0| 0.97(0.007) |22.0| 0.892(0.036) | 1.0(0.02,0.006) | 0.974(0.067) |0.514(0.021) |0.989(0.3,+0.002-0.002) |0.967(0.008)| 1.0(+0.0-0.0)| 350.877(+0.075-0.075,+0.309-0.309)
 10 : 31.948( 0.122)|31.662 |0.286 |23.0 |23.0| 0.97(0.007) |0.0| 0.892(0.036) | 1.0(0.02,0.006) | 0.974(0.067) |0.594(0.111) |0.991(0.3,+0.006-0.006) |0.97(0.007)| 1.0(+0.0-0.0)| 13.497(+0.376-0.376,+0.327-0.327)
 11 : 8930.398( 0.067)|7050.779 |1879.619 |10608.0 |8179.0| 0.936(0.016) |2429.0| 0.96(0.017) | 1.0(0.02,0.007) | 0.974(0.067) |0.419(0.01) |0.924(0.3,+0.008-0.008) |0.942(0.017)| 1.0(+0.0-0.0)| 3976.921(+0.026-0.026,+0.309-0.309)
 12 : 3127.048( 0.068)|2429.477 |697.572 |2961.0 |2255.0| 0.936(0.016) |706.0| 0.96(0.017) | 1.0(0.02,0.007) | 0.974(0.067) |0.379(0.011) |0.901(0.3,+0.01-0.01) |0.942(0.017)| 1.0(+0.0-0.0)| 976.909(+0.056-0.056,+0.309-0.309)
 13 : 287.27( 0.074)|234.021 |53.249 |206.0 |163.0| 0.936(0.016) |43.0| 0.96(0.017) | 1.0(0.02,0.007) | 0.974(0.067) |0.418(0.038) |0.945(0.3,+0.008-0.008) |0.941(0.017)| 1.0(+0.0-0.0)| 78.658(+0.182-0.182,+0.311-0.311)
 14 : 7649.155( 0.067)|6278.367 |1370.788 |8267.0 |6564.0| 0.953(0.011) |1703.0| 0.948(0.017) | 1.0(0.02,0.007) | 0.974(0.067) |0.409(0.01) |0.949(0.3,+0.006-0.006) |0.952(0.012)| 1.0(+0.0-0.0)| 3135.52(+0.029-0.029,+0.309-0.309)
 15 : 7130.61( 0.067)|5909.48 |1221.13 |6885.0 |5586.0| 0.953(0.011) |1299.0| 0.948(0.017) | 1.0(0.02,0.007) | 0.974(0.067) |0.389(0.007) |0.928(0.3,+0.005-0.005) |0.952(0.012)| 1.0(+0.0-0.0)| 2431.483(+0.034-0.034,+0.308-0.308)
 16 : 648.674( 0.07)|555.697 |92.977 |544.0 |466.0| 0.953(0.011) |78.0| 0.948(0.017) | 1.0(0.02,0.007) | 0.974(0.067) |0.398(0.025) |0.932(0.3,+0.007-0.007) |0.952(0.012)| 1.0(+0.0-0.0)| 197.496(+0.118-0.118,+0.309-0.309)
 17 : 1395.011( 0.068)|1275.793 |119.218 |1249.0 |1110.0| 0.97(0.007) |139.0| 0.892(0.036) | 1.0(0.02,0.006) | 0.974(0.067) |0.372(0.016) |0.966(0.3,+0.004-0.004) |0.961(0.01)| 1.0(+0.0-0.0)| 442.855(+0.08-0.08,+0.309-0.309)
 18 : 209.742( 0.077)|192.329 |17.413 |149.0 |134.0| 0.97(0.007) |15.0| 0.892(0.036) | 1.0(0.02,0.006) | 0.974(0.067) |0.363(0.044) |0.952(0.3,+0.008-0.008) |0.962(0.009)| 1.0(+0.0-0.0)| 50.92(+0.24-0.24,+0.311-0.311)
 19 : 275.207( 0.075)|266.909 |8.298 |259.0 |251.0| 0.97(0.007) |8.0| 0.892(0.036) | 1.0(0.02,0.006) | 0.974(0.067) |0.463(0.037) |0.969(0.3,+0.005-0.005) |0.967(0.008)| 1.0(+0.0-0.0)| 115.491(+0.139-0.139,+0.31-0.31)
 20 : 34.878( 0.116)|33.733 |1.145 |29.0 |29.0| 0.97(0.007) |0.0| 0.892(0.036) | 1.0(0.02,0.006) | 0.974(0.067) |0.431(0.107) |0.951(0.3,+0.019-0.019) |0.97(0.007)| 1.0(+0.0-0.0)| 11.85(+0.476-0.476,+0.327-0.327)
 21 : 447.562( 0.078)|346.759 |100.803 |546.0 |399.0| 0.936(0.016) |147.0| 0.96(0.017) | 1.0(0.02,0.008) | 0.974(0.067) |0.457(0.046) |0.907(0.3,+0.038-0.038) |0.943(0.017)| 1.0(+0.0-0.0)| 219.372(+0.107-0.107,+0.314-0.314)
 22 : 581.758( 0.071)|441.783 |139.974 |667.0 |492.0| 0.936(0.016) |175.0| 0.96(0.017) | 1.0(0.02,0.007) | 0.974(0.067) |0.388(0.028) |0.871(0.3,+0.025-0.025) |0.942(0.017)| 1.0(+0.0-0.0)| 218.049(+0.118-0.118,+0.311-0.311)
 23 : 85.196( 0.09)|68.701 |16.495 |75.0 |60.0| 0.936(0.016) |15.0| 0.96(0.017) | 1.0(0.02,0.007) | 0.974(0.067) |0.428(0.069) |0.888(0.3,+0.033-0.033) |0.941(0.017)| 1.0(+0.0-0.0)| 27.561(+0.314-0.314,+0.318-0.318)
 24 : 331.844( 0.081)|257.349 |74.495 |420.0 |340.0| 0.953(0.011) |80.0| 0.948(0.017) | 1.0(0.02,0.007) | 0.974(0.067) |0.434(0.05) |0.973(0.3,+0.016-0.016) |0.952(0.012)| 1.0(+0.0-0.0)| 173.361(+0.118-0.118,+0.313-0.313)
 25 : 1099.296( 0.069)|897.019 |202.277 |1188.0 |953.0| 0.953(0.011) |235.0| 0.948(0.017) | 1.0(0.02,0.007) | 0.974(0.067) |0.381(0.02) |0.893(0.3,+0.014-0.014) |0.952(0.012)| 1.0(+0.0-0.0)| 395.212(+0.087-0.087,+0.309-0.309)
 26 : 202.849( 0.077)|167.74 |35.11 |216.0 |178.0| 0.953(0.011) |38.0| 0.948(0.017) | 1.0(0.02,0.007) | 0.974(0.067) |0.384(0.045) |0.888(0.3,+0.016-0.016) |0.952(0.012)| 1.0(+0.0-0.0)| 72.097(+0.204-0.204,+0.312-0.312)
 27 : 142.132( 0.082)|131.27 |10.861 |170.0 |151.0| 0.97(0.007) |19.0| 0.892(0.036) | 1.0(0.02,0.006) | 0.974(0.067) |0.348(0.051) |0.929(0.3,+0.022-0.022) |0.961(0.01)| 1.0(+0.0-0.0)| 54.255(+0.24-0.24,+0.313-0.313)
 28 : 61.321( 0.098)|55.034 |6.286 |65.0 |57.0| 0.97(0.007) |8.0| 0.892(0.036) | 1.0(0.02,0.007) | 0.974(0.067) |0.346(0.082) |0.872(0.3,+0.03-0.03) |0.96(0.01)| 1.0(+0.0-0.0)| 19.319(+0.417-0.417,+0.32-0.32)
 29 : 36.062( 0.114)|34.917 |1.145 |36.0 |36.0| 0.97(0.007) |0.0| 0.892(0.036) | 1.0(0.02,0.006) | 0.974(0.067) |0.384(0.103) |0.943(0.3,+0.019-0.019) |0.97(0.007)| 1.0(+0.0-0.0)| 12.977(+0.48-0.48,+0.326-0.326)
 30 : 9.755( 0.201)|9.469 |0.286 |15.0 |14.0| 0.97(0.007) |1.0| 0.892(0.036) | 1.0(0.02,0.006) | 0.974(0.067) |0.394(0.213) |0.852(0.3,+0.13-0.13) |0.965(0.009)| 1.0(+0.0-0.0)| 4.98(+0.778-0.778,+0.397-0.397)
 31 : 43.486( 0.121)|33.739 |9.748 |57.0 |43.0| 0.936(0.016) |14.0| 0.96(0.017) | 1.0(0.02,0.007) | 0.974(0.067) |0.388(0.028) |0.922(0.3,+0.047-0.047) |0.942(0.017)| 1.0(+0.0-0.0)| 19.713(+0.383-0.383,+0.313-0.313)
 32 : 13.92( 0.163)|11.105 |2.815 |14.0 |8.0| 0.936(0.016) |6.0| 0.96(0.017) | 1.0(0.02,0.009) | 0.974(0.067) |0.428(0.069) |0.762(0.3,+0.126-0.126) |0.946(0.017)| 1.0(+0.0-0.0)| 4.441(+0.843-0.843,+0.34-0.34)
 33 : 72.254( 0.097)|59.179 |13.075 |92.0 |73.0| 0.953(0.011) |19.0| 0.948(0.017) | 1.0(0.02,0.007) | 0.974(0.067) |0.381(0.02) |0.948(0.3,+0.025-0.025) |0.952(0.012)| 1.0(+0.0-0.0)| 32.517(+0.295-0.295,+0.31-0.31)
 34 : 30.31( 0.123)|24.172 |6.138 |44.0 |35.0| 0.953(0.011) |9.0| 0.948(0.017) | 1.0(0.02,0.007) | 0.974(0.067) |0.384(0.045) |0.862(0.3,+0.036-0.036) |0.952(0.012)| 1.0(+0.0-0.0)| 14.251(+0.465-0.465,+0.314-0.314)
 35 : 7.652( 0.212)|6.51 |1.142 |11.0 |11.0| 0.97(0.007) |0.0| 0.892(0.036) | 1.0(0.02,0.006) | 0.974(0.067) |0.348(0.051) |0.81(0.3,+0.176-0.176) |0.97(0.007)| 1.0(+0.0-0.0)| 3.088(+1.203-1.203,+0.358-0.358)
 36 : 9.134( 0.196)|7.989 |1.145 |16.0 |16.0| 0.97(0.007) |0.0| 0.892(0.036) | 1.0(0.02,0.006) | 0.974(0.067) |0.346(0.082) |0.772(0.3,+0.077-0.077) |0.97(0.007)| 1.0(+0.0-0.0)| 4.255(+1.019-1.019,+0.328-0.328)
 37 : 1.47( 0.464)|1.184 |0.286 |3.0 |3.0| 0.97(0.007) |0.0| 0.892(0.036) | 1.0(0.02,0.006) | 0.974(0.067) |0.384(0.103) |0.838(0.3,+0.124-0.124) |0.97(0.007)| 1.0(+0.0-0.0)| 0.961(+2.503-2.503,+0.348-0.348)
 38 : 0.888( 0.597)|0.888 |0.0 |4.0 |3.0| 0.97(0.007) |1.0| 0.892(0.036) | 1.0(0.02,0.007) | 0.974(0.067) |0.394(0.213) |0.898(0.3,+0.114-0.125) |0.95(0.014)| 1.0(+0.0-0.0)| 1.379(+1.45-1.45,+0.392-0.395)
 39 : 1.158( 0.518)|0.587 |0.571 |4.0 |2.0| 0.936(0.016) |2.0| 0.96(0.017) | 1.0(0.02,0.009) | 0.974(0.067) |0.388(0.028) |0.922(0.3,+0.047-0.047) |0.948(0.017)| 1.0(+0.0-0.0)| 1.392(+1.436-1.436,+0.313-0.313)
 40 : 1.462( 0.464)|1.18 |0.282 |1.0 |1.0| 0.936(0.016) |0.0| 0.96(0.017) | 1.0(0.02,0.006) | 0.974(0.067) |0.428(0.069) |0.762(0.3,+0.126-0.126) |0.936(0.016)| 1.0(+0.0-0.0)| 0.314(+6.205-6.205,+0.34-0.34)
 41 : 2.268( 0.404)|1.985 |0.283 |5.0 |4.0| 0.953(0.011) |1.0| 0.948(0.017) | 1.0(0.02,0.007) | 0.974(0.067) |0.381(0.02) |0.948(0.3,+0.025-0.025) |0.952(0.012)| 1.0(+0.0-0.0)| 1.767(+1.265-1.265,+0.31-0.31)
 42 : 4.421( 0.274)|4.421 |0.0 |4.0 |4.0| 0.953(0.011) |0.0| 0.948(0.017) | 1.0(0.02,0.006) | 0.974(0.067) |0.384(0.045) |0.862(0.3,+0.036-0.036) |0.953(0.011)| 1.0(+0.0-0.0)| 1.297(+2.009-2.009,+0.314-0.314)
 43 : 0.0( 1.671)|0.0 |0.0 |0.0 |0.0| 0.97(0.007) |0.0| 0.892(0.036) | 1.0(0.02,0.0) | 0.974(0.067) |0.348(0.051) |0.81(0.3,+0.176-0.176) |1.0(0.0)| 1.0(+0.0-0.0)| 0.0(+0.822-0.822,+0.358-0.358)
 44 : 1.174( 0.518)|0.888 |0.286 |1.0 |0.0| 0.97(0.007) |1.0| 0.892(0.036) | 1.0(0.02,0.012) | 0.974(0.067) |0.346(0.082) |0.772(0.3,+0.077-0.077) |0.892(0.036)| 1.0(+0.0-0.0)| 0.245(+7.958-7.958,+0.33-0.33)
 45 : 0.0( 1.671)|0.0 |0.0 |0.0 |0.0| 0.97(0.007) |0.0| 0.892(0.036) | 1.0(0.02,0.0) | 0.974(0.067) |0.384(0.103) |0.838(0.3,+0.124-0.124) |1.0(0.0)| 1.0(+0.0-0.0)| 0.0(+0.906-0.906,+0.348-0.348)
 46 : 0.296( 1.029)|0.296 |0.0 |0.0 |0.0| 0.97(0.007) |0.0| 0.892(0.036) | 1.0(0.02,0.0) | 0.974(0.067) |0.394(0.213) |0.898(0.3,+0.114-0.125) |1.0(0.0)| 1.0(+0.0-0.0)| 0.0(+0.929-0.929,+0.391-0.395)

binIndex
[1, 2, 3, 4, 5, 6, 7, 8, 9, 10, 11, 12, 13, 14, 15, 16, 17, 18, 19, 20, 21, 22, 23, 24, 25, 26, 27, 28, 29, 30, 31, 32, 33, 34, 35, 36, 37, 38, 39, 40, 41, 42, 43, 44, 45, 46]
------------------------------------------------------
nMCGJ
[54562.62912227123, 4155.48009468899, 303.91977855848023, 50482.9801976836, 11551.0748744954, 698.7376755845569, 4875.228901752525, 209.60495118997636, 837.8599614786682, 31.948258960547417, 8930.397882679932, 3127.0484076939574, 287.2700060454986, 7649.1553737356635, 7130.609942447825, 648.6740290761929, 1395.0107141061624, 209.7416595301162, 275.2067370168938, 34.87802872204422, 447.5623474642183, 581.757693804809, 85.19569315625958, 331.84444630734345, 1099.296419183581, 202.84923041738904, 142.13178809887756, 61.3207651063564, 36.061659385995114, 9.75518401146809, 43.486180092955614, 13.920325338463321, 72.25386792034095, 30.310343170564323, 7.652315754886864, 9.133981703814305, 1.469769363811808, 0.8877229979631731, 1.1581501257881437, 1.4623808114189396, 2.268155400974458, 4.421016291806411, 0.0, 1.1738616978240834, 0.0, 0.29590766598772433]
------------------------------------------------------
nMCerr
[0.06692474138724362, 0.06737008431436493, 0.07404248389265941, 0.06689174102384982, 0.0670056985265931, 0.07005692490063224, 0.06728353872071528, 0.07737996067702974, 0.06958896080091867, 0.12224103711874594, 0.06744143947904796, 0.06758892599064686, 0.07446588889358778, 0.06738854613297889, 0.06714357358380875, 0.07031321087019327, 0.06847817762023538, 0.07721250311481907, 0.07488996689485733, 0.11642463875704777, 0.07837562426858445, 0.07137857961799163, 0.08999408665289177, 0.08066166905006146, 0.06914171909065747, 0.07743646894012092, 0.0817966239682418, 0.09812478785270695, 0.11449722396511755, 0.20079424114629696, 0.12081580313026649, 0.16263525111823884, 0.09693973658119884, 0.12254545633675351, 0.21224678788050638, 0.19621668442796317, 0.4642424050807493, 0.5967961498515567, 0.5179680928451659, 0.4642700097336713, 0.40428010324581887, 0.2735026111551371, 1.6713350459533973, 0.5179712808826052, 1.6713350459533973, 1.0293567223119668]
------------------------------------------------------
nMCEBt
[43368.49083231248, 3323.742873842451, 250.97324606684703, 41821.50466645549, 9755.698859199587, 607.6782262552994, 4469.846332656789, 196.47366936317368, 810.3906462920207, 31.662120260686507, 7050.778531471749, 2429.4768013286935, 234.0211194042756, 6278.367122571993, 5909.480409814742, 555.6966871181238, 1275.7927227205564, 192.32882835653234, 266.9087147209274, 33.733473922600574, 346.75939728520126, 441.7832557707022, 68.70105137508203, 257.34895944200946, 897.0192033615065, 167.73963689256604, 131.27029118803446, 55.03433095510217, 34.917104586551474, 9.469045311607179, 33.73858166465213, 11.105351605929636, 59.17924806419001, 24.17191115980432, 6.509915266864674, 7.989426904370664, 1.1836306639508973, 0.8877229979631731, 0.5870511389399646, 1.1799405802071972, 1.985080325068798, 4.421016291806411, 0.0, 0.8877229979631731, 0.0, 0.29590766598772433]
------------------------------------------------------
nMCECt
[11194.13828995875, 831.7372208465385, 52.946532491633185, 8661.475531228114, 1795.3760152958134, 91.05944932925756, 405.3825690957361, 13.131281826802686, 27.469315186647396, 0.2861386998609104, 1879.6193512081825, 697.5716063652638, 53.24888664122298, 1370.7882511636708, 1221.1295326330835, 92.97734195806919, 119.21799138560593, 17.41283117358385, 8.298022295966401, 1.1445547994436416, 100.80295017901702, 139.97443803410678, 16.494641781177545, 74.49548686533397, 202.27721582207457, 35.109593524822984, 10.861496910843119, 6.286434151254225, 1.1445547994436416, 0.2861386998609104, 9.747598428303483, 2.814973732533685, 13.074619856150935, 6.1384320107600026, 1.1424004880221907, 1.1445547994436416, 0.2861386998609104, 0.0, 0.571098986848179, 0.28244023121174233, 0.2830750759056599, 0.0, 0.0, 0.2861386998609104, 0.0, 0.0]
------------------------------------------------------
Nobs
[63108.0, 3492.0, 192.0, 54361.0, 10474.0, 474.0, 4393.0, 152.0, 695.0, 23.0, 10608.0, 2961.0, 206.0, 8267.0, 6885.0, 544.0, 1249.0, 149.0, 259.0, 29.0, 546.0, 667.0, 75.0, 420.0, 1188.0, 216.0, 170.0, 65.0, 36.0, 15.0, 57.0, 14.0, 92.0, 44.0, 11.0, 16.0, 3.0, 4.0, 4.0, 1.0, 5.0, 4.0, 0.0, 1.0, 0.0, 0.0]
------------------------------------------------------
nEB
[48930.0, 2766.0, 161.0, 44005.0, 8794.0, 414.0, 3947.0, 134.0, 673.0, 23.0, 8179.0, 2255.0, 163.0, 6564.0, 5586.0, 466.0, 1110.0, 134.0, 251.0, 29.0, 399.0, 492.0, 60.0, 340.0, 953.0, 178.0, 151.0, 57.0, 36.0, 14.0, 43.0, 8.0, 73.0, 35.0, 11.0, 16.0, 3.0, 3.0, 2.0, 1.0, 4.0, 4.0, 0.0, 0.0, 0.0, 0.0]
------------------------------------------------------
pEB
[0.935941864678, 0.935941864678, 0.935941864678, 0.9528332801676668, 0.9528332801676668, 0.9528332801676668, 0.9698275681449999, 0.9698275681449999, 0.9698275681449999, 0.9698275681449999, 0.935941864678, 0.935941864678, 0.935941864678, 0.9528332801676668, 0.9528332801676668, 0.9528332801676668, 0.9698275681449999, 0.9698275681449999, 0.9698275681449999, 0.9698275681449999, 0.935941864678, 0.935941864678, 0.935941864678, 0.9528332801676668, 0.9528332801676668, 0.9528332801676668, 0.9698275681449999, 0.9698275681449999, 0.9698275681449999, 0.9698275681449999, 0.935941864678, 0.935941864678, 0.9528332801676668, 0.9528332801676668, 0.9698275681449999, 0.9698275681449999, 0.9698275681449999, 0.9698275681449999, 0.935941864678, 0.935941864678, 0.9528332801676668, 0.9528332801676668, 0.9698275681449999, 0.9698275681449999, 0.9698275681449999, 0.9698275681449999]
------------------------------------------------------
pEBerr
[0.016481122146733865, 0.016481122146733865, 0.016481122146733865, 0.01100477066441423, 0.01100477066441423, 0.01100477066441423, 0.006700851348688687, 0.006700851348688687, 0.006700851348688687, 0.006700851348688687, 0.016481122146733865, 0.016481122146733865, 0.016481122146733865, 0.01100477066441423, 0.01100477066441423, 0.01100477066441423, 0.006700851348688687, 0.006700851348688687, 0.006700851348688687, 0.006700851348688687, 0.016481122146733865, 0.016481122146733865, 0.016481122146733865, 0.01100477066441423, 0.01100477066441423, 0.01100477066441423, 0.006700851348688687, 0.006700851348688687, 0.006700851348688687, 0.006700851348688687, 0.016481122146733865, 0.016481122146733865, 0.01100477066441423, 0.01100477066441423, 0.006700851348688687, 0.006700851348688687, 0.006700851348688687, 0.006700851348688687, 0.016481122146733865, 0.016481122146733865, 0.01100477066441423, 0.01100477066441423, 0.006700851348688687, 0.006700851348688687, 0.006700851348688687, 0.006700851348688687]
------------------------------------------------------
nEC
[14178.0, 726.0, 31.0, 10356.0, 1680.0, 60.0, 446.0, 18.0, 22.0, 0.0, 2429.0, 706.0, 43.0, 1703.0, 1299.0, 78.0, 139.0, 15.0, 8.0, 0.0, 147.0, 175.0, 15.0, 80.0, 235.0, 38.0, 19.0, 8.0, 0.0, 1.0, 14.0, 6.0, 19.0, 9.0, 0.0, 0.0, 0.0, 1.0, 2.0, 0.0, 1.0, 0.0, 0.0, 1.0, 0.0, 0.0]
------------------------------------------------------
pEC
[0.9603043977869999, 0.9603043977869999, 0.9603043977869999, 0.948359821654, 0.948359821654, 0.948359821654, 0.8919489522903333, 0.8919489522903333, 0.8919489522903333, 0.8919489522903333, 0.9603043977869999, 0.9603043977869999, 0.9603043977869999, 0.948359821654, 0.948359821654, 0.948359821654, 0.8919489522903333, 0.8919489522903333, 0.8919489522903333, 0.8919489522903333, 0.9603043977869999, 0.9603043977869999, 0.9603043977869999, 0.948359821654, 0.948359821654, 0.948359821654, 0.8919489522903333, 0.8919489522903333, 0.8919489522903333, 0.8919489522903333, 0.9603043977869999, 0.9603043977869999, 0.948359821654, 0.948359821654, 0.8919489522903333, 0.8919489522903333, 0.8919489522903333, 0.8919489522903333, 0.9603043977869999, 0.9603043977869999, 0.948359821654, 0.948359821654, 0.8919489522903333, 0.8919489522903333, 0.8919489522903333, 0.8919489522903333]
------------------------------------------------------
pECerr
[0.01667440668490169, 0.01667440668490169, 0.01667440668490169, 0.016930112124528423, 0.016930112124528423, 0.016930112124528423, 0.03604156077892064, 0.03604156077892064, 0.03604156077892064, 0.03604156077892064, 0.01667440668490169, 0.01667440668490169, 0.01667440668490169, 0.016930112124528423, 0.016930112124528423, 0.016930112124528423, 0.03604156077892064, 0.03604156077892064, 0.03604156077892064, 0.03604156077892064, 0.01667440668490169, 0.01667440668490169, 0.01667440668490169, 0.016930112124528423, 0.016930112124528423, 0.016930112124528423, 0.03604156077892064, 0.03604156077892064, 0.03604156077892064, 0.03604156077892064, 0.01667440668490169, 0.01667440668490169, 0.016930112124528423, 0.016930112124528423, 0.03604156077892064, 0.03604156077892064, 0.03604156077892064, 0.03604156077892064, 0.01667440668490169, 0.01667440668490169, 0.016930112124528423, 0.016930112124528423, 0.03604156077892064, 0.03604156077892064, 0.03604156077892064, 0.03604156077892064]
------------------------------------------------------
trigW
[1.0, 1.0, 1.0, 1.0, 1.0, 1.0, 1.0, 1.0, 1.0, 1.0, 1.0, 1.0, 1.0, 1.0, 1.0, 1.0, 1.0, 1.0, 1.0, 1.0, 1.0, 1.0, 1.0, 1.0, 1.0, 1.0, 1.0, 1.0, 1.0, 1.0, 1.0, 1.0, 1.0, 1.0, 1.0, 1.0, 1.0, 1.0, 1.0, 1.0, 1.0, 1.0, 1.0, 1.0, 1.0, 1.0]
------------------------------------------------------
trigWsysErr
[0.02, 0.02, 0.02, 0.02, 0.02, 0.02, 0.02, 0.02, 0.02, 0.02, 0.02, 0.02, 0.02, 0.02, 0.02, 0.02, 0.02, 0.02, 0.02, 0.02, 0.02, 0.02, 0.02, 0.02, 0.02, 0.02, 0.02, 0.02, 0.02, 0.02, 0.02, 0.02, 0.02, 0.02, 0.02, 0.02, 0.02, 0.02, 0.02, 0.02, 0.02, 0.02, 0.02, 0.02, 0.02, 0.02]
------------------------------------------------------
trigWerr
[0.007209553841034417, 0.0070990432646048105, 0.006792771770833333, 0.006984306749323964, 0.0067857742524346, 0.006562791392405063, 0.006397559198725244, 0.006508974473684211, 0.005936817899280576, 0.00572808, 0.007238012162518854, 0.007300359405606214, 0.007104543398058252, 0.007086487724688522, 0.006972218239651416, 0.006673574779411765, 0.006461944355484387, 0.006391927651006712, 0.005931762471042472, 0.00572808, 0.007503446923076923, 0.007458197691154423, 0.007046924, 0.0069841219047619045, 0.007032492205387206, 0.00688817425925926, 0.0064650810588235295, 0.006539676307692308, 0.00572808, 0.006167694666666667, 0.00734771298245614, 0.008554174285714285, 0.007089929782608695, 0.007076897727272727, 0.00572808, 0.00572808, 0.00572808, 0.0073766349999999994, 0.009025189999999999, 0.00572808, 0.007046924, 0.00572808, 0.0, 0.0123223, 0.0, 0.0]
------------------------------------------------------
SF
[0.9735319735212031, 0.9735319735212031, 0.9735319735212031, 0.9735319735212031, 0.9735319735212031, 0.9735319735212031, 0.9735319735212031, 0.9735319735212031, 0.9735319735212031, 0.9735319735212031, 0.9735319735212031, 0.9735319735212031, 0.9735319735212031, 0.9735319735212031, 0.9735319735212031, 0.9735319735212031, 0.9735319735212031, 0.9735319735212031, 0.9735319735212031, 0.9735319735212031, 0.9735319735212031, 0.9735319735212031, 0.9735319735212031, 0.9735319735212031, 0.9735319735212031, 0.9735319735212031, 0.9735319735212031, 0.9735319735212031, 0.9735319735212031, 0.9735319735212031, 0.9735319735212031, 0.9735319735212031, 0.9735319735212031, 0.9735319735212031, 0.9735319735212031, 0.9735319735212031, 0.9735319735212031, 0.9735319735212031, 0.9735319735212031, 0.9735319735212031, 0.9735319735212031, 0.9735319735212031, 0.9735319735212031, 0.9735319735212031, 0.9735319735212031, 0.9735319735212031]
------------------------------------------------------
SFerr
[0.06678948893384838, 0.06678948893384838, 0.06678948893384838, 0.06678948893384838, 0.06678948893384838, 0.06678948893384838, 0.06678948893384838, 0.06678948893384838, 0.06678948893384838, 0.06678948893384838, 0.06678948893384838, 0.06678948893384838, 0.06678948893384838, 0.06678948893384838, 0.06678948893384838, 0.06678948893384838, 0.06678948893384838, 0.06678948893384838, 0.06678948893384838, 0.06678948893384838, 0.06678948893384838, 0.06678948893384838, 0.06678948893384838, 0.06678948893384838, 0.06678948893384838, 0.06678948893384838, 0.06678948893384838, 0.06678948893384838, 0.06678948893384838, 0.06678948893384838, 0.06678948893384838, 0.06678948893384838, 0.06678948893384838, 0.06678948893384838, 0.06678948893384838, 0.06678948893384838, 0.06678948893384838, 0.06678948893384838, 0.06678948893384838, 0.06678948893384838, 0.06678948893384838, 0.06678948893384838, 0.06678948893384838, 0.06678948893384838, 0.06678948893384838, 0.06678948893384838]
------------------------------------------------------
ZgR
[0.41212111413688285, 0.3884792599336699, 0.45083284573935184, 0.4187887598947126, 0.40082908270157985, 0.4070024967909966, 0.408596552234792, 0.3932717185038304, 0.5135118365742766, 0.5944481865119526, 0.41934036582297185, 0.3786965044626717, 0.4181736413383993, 0.4086528064387922, 0.3889802874467869, 0.39814947410245377, 0.3717430604814928, 0.3632566553863388, 0.4631317314315009, 0.4314643607083517, 0.45737687747561223, 0.387720273432024, 0.42801652954935626, 0.43384304069350077, 0.3811853800579416, 0.3841570443937417, 0.3478782042538553, 0.3456755964593594, 0.38378345629970184, 0.39350631740531133, 0.387720273432024, 0.42801652954935626, 0.3811853800579416, 0.3841570443937417, 0.3478782042538553, 0.3456755964593594, 0.38378345629970184, 0.39350631740531133, 0.387720273432024, 0.42801652954935626, 0.3811853800579416, 0.3841570443937417, 0.3478782042538553, 0.3456755964593594, 0.38378345629970184, 0.39350631740531133]
------------------------------------------------------
REr1
[0.004756271333356012, 0.009612031580790669, 0.03651636101160723, 0.0040593736398975904, 0.005783129586351781, 0.024212427349510325, 0.008640206695506835, 0.04385610742500627, 0.02081154626641114, 0.11061923460361878, 0.010494866027399321, 0.011356537957978903, 0.03788239107230512, 0.009888070382816267, 0.0074685755520990035, 0.02516425148577815, 0.016325040736229857, 0.043944547455120136, 0.037360377207850994, 0.10747781396967955, 0.04633000283516811, 0.0277605695071632, 0.06882890252309515, 0.050350834509232736, 0.019607442315966863, 0.04494612030690322, 0.051194301325657623, 0.0815408279974493, 0.1034152267101141, 0.21285681560537992, 0.0277605695071632, 0.06882890252309515, 0.019607442315966863, 0.04494612030690322, 0.051194301325657623, 0.0815408279974493, 0.1034152267101141, 0.21285681560537992, 0.0277605695071632, 0.06882890252309515, 0.019607442315966863, 0.04494612030690322, 0.051194301325657623, 0.0815408279974493, 0.1034152267101141, 0.21285681560537992]
------------------------------------------------------
f
[0.969432907698, 0.973145158757, 0.979263771362, 0.976889210827, 0.968630268912, 0.977559820541, 0.985131528509, 0.983965826053, 0.989420643321, 0.990962172524, 0.924415581298, 0.900613686123, 0.944646618266, 0.949206308714, 0.928448449434, 0.932263077866, 0.966073435266, 0.95206802902, 0.968901223366, 0.950653869399, 0.907367595812, 0.871073319118, 0.888424582686, 0.972950074516, 0.892513261282, 0.888482999934, 0.929254115212, 0.871710694575, 0.942829884842, 0.851514476336, 0.921928773995, 0.762406001333, 0.948291436198, 0.86223639719, 0.809934607131, 0.772346396222, 0.837954268482, 0.897608048896, 0.921928773995, 0.762406001333, 0.948291436198, 0.86223639719, 0.809934607131, 0.772346396222, 0.837954268482, 0.897608048896]
------------------------------------------------------
fsysErr
[0.3, 0.3, 0.3, 0.3, 0.3, 0.3, 0.3, 0.3, 0.3, 0.3, 0.3, 0.3, 0.3, 0.3, 0.3, 0.3, 0.3, 0.3, 0.3, 0.3, 0.3, 0.3, 0.3, 0.3, 0.3, 0.3, 0.3, 0.3, 0.3, 0.3, 0.3, 0.3, 0.3, 0.3, 0.3, 0.3, 0.3, 0.3, 0.3, 0.3, 0.3, 0.3, 0.3, 0.3, 0.3, 0.3]
------------------------------------------------------
ferrUp
[0.002250200779804311, 0.003972962859578311, 0.0049004880203068635, 0.00167757407817274, 0.002384757431114161, 0.003165890683484979, 0.0020279042173623305, 0.004365766789860662, 0.0015852519632553635, 0.005836579925849714, 0.007787383961985988, 0.009812669869390639, 0.008344398899282767, 0.006063123069459132, 0.004721424548926035, 0.0072158929819024, 0.004291138046921409, 0.007853669233296907, 0.004964086894906463, 0.01885866658054425, 0.038399414046210986, 0.02546383174134997, 0.032584517665053776, 0.01571095890845592, 0.013587914068503917, 0.016126979345428533, 0.02199867618766077, 0.029982614856116467, 0.018523126276620575, 0.13040434315902827, 0.04748179544294971, 0.12551371208357517, 0.02476476642851025, 0.03636481466368751, 0.17565094320631955, 0.07720069804942994, 0.1237737145726204, 0.1140720064062878, 0.04748179544294971, 0.12551371208357517, 0.02476476642851025, 0.03636481466368751, 0.17565094320631955, 0.07720069804942994, 0.1237737145726204, 0.1140720064062878]
------------------------------------------------------
ferrDn
[0.002250200779804311, 0.003972962859578311, 0.0049004880203068635, 0.00167757407817274, 0.002384757431114161, 0.003165890683484979, 0.0020279042173623305, 0.004365766789860662, 0.0015852519632553635, 0.005836579925849714, 0.007787383961985988, 0.009812669869390639, 0.008344398899282767, 0.006063123069459132, 0.004721424548926035, 0.0072158929819024, 0.004291138046921409, 0.007853669233296907, 0.004964086894906463, 0.01885866658054425, 0.038399414046210986, 0.02546383174134997, 0.032584517665053776, 0.01571095890845592, 0.013587914068503917, 0.016126979345428533, 0.02199867618766077, 0.029982614856116467, 0.018523126276620575, 0.13040434315902827, 0.04748179544294971, 0.12551371208357517, 0.02476476642851025, 0.03636481466368751, 0.17565094320631955, 0.07720069804942994, 0.1237737145726204, 0.1254040169854159, 0.04748179544294971, 0.12551371208357517, 0.02476476642851025, 0.03636481466368751, 0.17565094320631955, 0.07720069804942994, 0.1237737145726204, 0.1254040169854159]
------------------------------------------------------
purity
[0.9414152118672534, 0.9410069274034106, 0.9398753986695573, 0.9519810674348707, 0.9521157500642717, 0.9522670195963167, 0.96192092970403, 0.9606051004779999, 0.9673623457726219, 0.9698275681449999, 0.9415203519443802, 0.9417506956050361, 0.9410272478026941, 0.9519117487960962, 0.9519892681692277, 0.9521918651601925, 0.9611605324333916, 0.9619874390321139, 0.9674220510529639, 0.9698275681449999, 0.9425010082073462, 0.9423338336346342, 0.9408143712998, 0.9519811928317302, 0.951948378862354, 0.9520462828365587, 0.9611234875494783, 0.9602425077321178, 0.9698275681449999, 0.9646356604213555, 0.9419256447398596, 0.9463829502961428, 0.9519094137354963, 0.9519182545625985, 0.9698275681449999, 0.9698275681449999, 0.9698275681449999, 0.9503579141813333, 0.9481231312325, 0.935941864678, 0.9519385884649335, 0.9528332801676668, 1.0, 0.8919489522903333, 1.0, 1.0]
------------------------------------------------------
pErr
[0.016525417214993673, 0.01652213080846066, 0.01651300786575763, 0.012129279370035528, 0.011951429497596, 0.011751736423354657, 0.009462986286847257, 0.009927076250884959, 0.007557217134622306, 0.006700851348688687, 0.016526263058132016, 0.01652811549350599, 0.016522294441004136, 0.012220835000934911, 0.012118448772630522, 0.011850940939384215, 0.00973102168736326, 0.009439562306456031, 0.007536425219572672, 0.006700851348688687, 0.016534143267089883, 0.016532801070666743, 0.01652057987563109, 0.012129113758717797, 0.012172452573836187, 0.012043155441319295, 0.009744090617294312, 0.01005518541774948, 0.006700851348688687, 0.008509507618927145, 0.016529521837916457, 0.016565176911835053, 0.01222391936673855, 0.012212241657632673, 0.006700851348688687, 0.006700851348688687, 0.006700851348688687, 0.013585208979964496, 0.01657900605332388, 0.016481122146733865, 0.012185383749847513, 0.01100477066441423, 0.0, 0.03604156077892064, 0.0, 0.0]
------------------------------------------------------
DR
[1.0, 1.0, 1.0, 1.0, 1.0, 1.0, 1.0, 1.0, 1.0, 1.0, 1.0, 1.0, 1.0, 1.0, 1.0, 1.0, 1.0, 1.0, 1.0, 1.0, 1.0, 1.0, 1.0, 1.0, 1.0, 1.0, 1.0, 1.0, 1.0, 1.0, 1.0, 1.0, 1.0, 1.0, 1.0, 1.0, 1.0, 1.0, 1.0, 1.0, 1.0, 1.0, 1.0, 1.0, 1.0, 1.0]
------------------------------------------------------
DRup
[0.0, 0.0, 0.0, 0.0, 0.0, 0.0, 0.0, 0.0, 0.0, 0.0, 0.0, 0.0, 0.0, 0.0, 0.0, 0.0, 0.0, 0.0, 0.0, 0.0, 0.0, 0.0, 0.0, 0.0, 0.0, 0.0, 0.0, 0.0, 0.0, 0.0, 0.0, 0.0, 0.0, 0.0, 0.0, 0.0, 0.0, 0.0, 0.0, 0.0, 0.0, 0.0, 0.0, 0.0, 0.0, 0.0]
------------------------------------------------------
DRlow
[0.0, 0.0, 0.0, 0.0, 0.0, 0.0, 0.0, 0.0, 0.0, 0.0, 0.0, 0.0, 0.0, 0.0, 0.0, 0.0, 0.0, 0.0, 0.0, 0.0, 0.0, 0.0, 0.0, 0.0, 0.0, 0.0, 0.0, 0.0, 0.0, 0.0, 0.0, 0.0, 0.0, 0.0, 0.0, 0.0, 0.0, 0.0, 0.0, 0.0, 0.0, 0.0, 0.0, 0.0, 0.0, 0.0]
------------------------------------------------------
Yield
[24381.36589423401, 1276.0341583342358, 81.83451790752184, 21747.3257166161, 3977.126094890709, 184.47065167643197, 1747.1865361762696, 58.03780619229767, 350.8772330502213, 13.49718575190904, 3976.9206930599566, 976.9086978218467, 78.65842176974547, 3135.519506665432, 2431.482598718585, 197.49576070894463, 442.8545982743993, 50.91983781654534, 115.49137947807938, 11.849762667634078, 219.3722640221445, 218.04875967075822, 27.561071321293383, 173.3606914279028, 395.21237315998695, 72.09738570361878, 54.25497965540723, 19.31902299531498, 12.976763686342913, 4.980215056432643, 19.71320042285703, 4.441110420536238, 32.5170615819508, 14.250735028746044, 3.0875511875558166, 4.255446487438945, 0.9611078570371789, 1.3792259339851556, 1.392484578233255, 0.31372238048462686, 1.7672857709609924, 1.2967666782460745, 0.0, 0.24460798243101034, 0.0, 0.0]
------------------------------------------------------
YstatUp
[0.010303485788091538, 0.04631000387005171, 0.16932227151639886, 0.010721063282994225, 0.025732792869575385, 0.11802170621300395, 0.0379351082136174, 0.2124275332718234, 0.07513412148104463, 0.3762471199768178, 0.025898214590098462, 0.05570128668418769, 0.1824687016530991, 0.028997760718890715, 0.03412564011741852, 0.11809776319074611, 0.07980315487713792, 0.23972102306593437, 0.13934786312328767, 0.4758040100138216, 0.10651593990358374, 0.11844297201821413, 0.3142205154831398, 0.1182153887546197, 0.08721228944235343, 0.2038484240901038, 0.24031720024994696, 0.4173222295068292, 0.47994042959857575, 0.7776739161504519, 0.38298369992306674, 0.8425049216232183, 0.2949732411230377, 0.46546718939973686, 1.2026815389629026, 1.0186043907462163, 2.5033749151353493, 1.450088742328946, 1.436281615798965, 6.2045611596495185, 1.2652554636276447, 2.009267980656281, 0.8215967044313658, 7.957670381491743, 0.9063954540854787, 0.9293582914933189]
------------------------------------------------------
YstatLow
[0.010303485788091538, 0.04631000387005171, 0.16932227151639886, 0.010721063282994225, 0.025732792869575385, 0.11802170621300395, 0.0379351082136174, 0.2124275332718234, 0.07513412148104463, 0.3762471199768178, 0.025898214590098462, 0.05570128668418769, 0.1824687016530991, 0.028997760718890715, 0.03412564011741852, 0.11809776319074611, 0.07980315487713792, 0.23972102306593437, 0.13934786312328767, 0.4758040100138216, 0.10651593990358374, 0.11844297201821413, 0.3142205154831398, 0.1182153887546197, 0.08721228944235343, 0.2038484240901038, 0.24031720024994696, 0.4173222295068292, 0.47994042959857575, 0.7776739161504519, 0.38298369992306674, 0.8425049216232183, 0.2949732411230377, 0.46546718939973686, 1.2026815389629026, 1.0186043907462163, 2.5033749151353493, 1.450088742328946, 1.436281615798965, 6.2045611596495185, 1.2652554636276447, 2.009267980656281, 0.8215967044313658, 7.957670381491743, 0.9063954540854787, 0.9293582914933189]
------------------------------------------------------
YsysUp
[0.3085669918077871, 0.30869465275375757, 0.310704226578135, 0.3083440100926005, 0.30836480163453067, 0.3092543837584909, 0.3083343611608456, 0.31135858347213063, 0.30885081617411936, 0.3274282041468779, 0.3087994941457652, 0.30888925058282457, 0.31094855061389204, 0.30853676984386774, 0.3084386096623272, 0.3094044697445329, 0.3086781595136839, 0.3114219023754417, 0.31044042791969095, 0.3268725714131203, 0.314342964933443, 0.3108196422403209, 0.3177775843940719, 0.31279189560632237, 0.3092370346243037, 0.3119832584660671, 0.3132129924657207, 0.32023830778993195, 0.3255401103764207, 0.39659123121151174, 0.31338988485296637, 0.34014632815805573, 0.309932690420814, 0.313691904001296, 0.3583471200928231, 0.3279442064607288, 0.34778325099972407, 0.39168897747347453, 0.31343631481713324, 0.34008290733772395, 0.30993019213601974, 0.31361968239585086, 0.3582386720742703, 0.33003109462980024, 0.34767150784419115, 0.39138380450302684]
------------------------------------------------------
YsysLow
[0.3085669918077871, 0.30869465275375757, 0.310704226578135, 0.3083440100926005, 0.30836480163453067, 0.3092543837584909, 0.3083343611608456, 0.31135858347213063, 0.30885081617411936, 0.3274282041468779, 0.3087994941457652, 0.30888925058282457, 0.31094855061389204, 0.30853676984386774, 0.3084386096623272, 0.3094044697445329, 0.3086781595136839, 0.3114219023754417, 0.31044042791969095, 0.3268725714131203, 0.314342964933443, 0.3108196422403209, 0.3177775843940719, 0.31279189560632237, 0.3092370346243037, 0.3119832584660671, 0.3132129924657207, 0.32023830778993195, 0.3255401103764207, 0.39659123121151174, 0.31338988485296637, 0.34014632815805573, 0.309932690420814, 0.313691904001296, 0.3583471200928231, 0.3279442064607288, 0.34778325099972407, 0.3951379504739305, 0.31343631481713324, 0.34008290733772395, 0.30993019213601974, 0.31361968239585086, 0.3582386720742703, 0.33003109462980024, 0.34767150784419115, 0.3948354432643881]
------------------------------------------------------