 binIndex : nMCGJ( nMCerr)|nMCEBt |nMCECt |Nobs |nEB| pEB(pEBerr) |nEC| pEC(pECerr) | trigW(trigWsysErr,trigWerr) | SF(SFerr) |ZgR(REr1) |f(fsysErr,+ferrUp-ferrDn) |purity(pErr)| DR(+DRup-DRlow)| Yield(+YstatUp-YstatLow,+YsysUp-YsysLow)
 1 : 57380.463( 0.067)|45461.395 |11919.067 |37229.0 |28929.0| 0.936(0.016) |8300.0| 0.96(0.017) | 1.0(0.02,0.007) | 0.974(0.067) |0.413(0.005) |0.969(0.3,+0.002-0.002) |0.941(0.017)| 1.0(+0.0-0.0)| 14413.679(+0.013-0.013,+0.309-0.309)
 2 : 4367.79( 0.067)|3477.383 |890.407 |2201.0 |1739.0| 0.936(0.016) |462.0| 0.96(0.017) | 1.0(0.02,0.007) | 0.974(0.067) |0.39(0.009) |0.973(0.3,+0.004-0.004) |0.941(0.017)| 1.0(+0.0-0.0)| 806.632(+0.058-0.058,+0.309-0.309)
 3 : 316.989( 0.074)|261.515 |55.474 |114.0 |94.0| 0.936(0.016) |20.0| 0.96(0.017) | 1.0(0.02,0.007) | 0.974(0.067) |0.45(0.036) |0.979(0.3,+0.005-0.005) |0.94(0.017)| 1.0(+0.0-0.0)| 48.473(+0.22-0.22,+0.311-0.311)
 4 : 52946.981( 0.067)|43785.563 |9161.418 |32148.0 |25953.0| 0.953(0.011) |6195.0| 0.948(0.017) | 1.0(0.02,0.007) | 0.974(0.067) |0.42(0.004) |0.977(0.3,+0.002-0.002) |0.952(0.012)| 1.0(+0.0-0.0)| 12893.104(+0.014-0.014,+0.308-0.308)
 5 : 12171.277( 0.067)|10267.426 |1903.852 |6078.0 |5057.0| 0.953(0.011) |1021.0| 0.948(0.017) | 1.0(0.02,0.007) | 0.974(0.067) |0.401(0.006) |0.969(0.3,+0.002-0.002) |0.952(0.012)| 1.0(+0.0-0.0)| 2307.971(+0.034-0.034,+0.308-0.308)
 6 : 724.547( 0.07)|630.092 |94.455 |292.0 |252.0| 0.953(0.011) |40.0| 0.948(0.017) | 1.0(0.02,0.007) | 0.974(0.067) |0.408(0.024) |0.978(0.3,+0.003-0.003) |0.952(0.012)| 1.0(+0.0-0.0)| 114.028(+0.15-0.15,+0.309-0.309)
 7 : 5099.563( 0.067)|4673.549 |426.013 |2624.0 |2334.0| 0.97(0.007) |290.0| 0.892(0.036) | 1.0(0.02,0.006) | 0.974(0.067) |0.409(0.008) |0.985(0.3,+0.002-0.002) |0.961(0.01)| 1.0(+0.0-0.0)| 1044.418(+0.049-0.049,+0.308-0.308)
 8 : 215.807( 0.077)|202.392 |13.415 |83.0 |79.0| 0.97(0.007) |4.0| 0.892(0.036) | 1.0(0.02,0.006) | 0.974(0.067) |0.398(0.043) |0.984(0.3,+0.004-0.004) |0.966(0.008)| 1.0(+0.0-0.0)| 32.254(+0.282-0.282,+0.311-0.311)
 9 : 871.288( 0.069)|843.532 |27.755 |404.0 |384.0| 0.97(0.007) |20.0| 0.892(0.036) | 1.0(0.02,0.006) | 0.974(0.067) |0.515(0.02) |0.989(0.3,+0.002-0.002) |0.966(0.008)| 1.0(+0.0-0.0)| 204.1(+0.098-0.098,+0.309-0.309)
 10 : 33.132( 0.121)|32.846 |0.286 |18.0 |18.0| 0.97(0.007) |0.0| 0.892(0.036) | 1.0(0.02,0.006) | 0.974(0.067) |0.595(0.109) |0.991(0.3,+0.006-0.006) |0.97(0.007)| 1.0(+0.0-0.0)| 10.579(+0.431-0.431,+0.327-0.327)
 11 : 9714.747( 0.067)|7660.17 |2054.577 |6507.0 |4936.0| 0.936(0.016) |1571.0| 0.96(0.017) | 1.0(0.02,0.007) | 0.974(0.067) |0.421(0.01) |0.924(0.3,+0.008-0.008) |0.942(0.017)| 1.0(+0.0-0.0)| 2448.281(+0.033-0.033,+0.309-0.309)
 12 : 3395.385( 0.068)|2625.989 |769.396 |1752.0 |1343.0| 0.936(0.016) |409.0| 0.96(0.017) | 1.0(0.02,0.007) | 0.974(0.067) |0.379(0.011) |0.901(0.3,+0.01-0.01) |0.942(0.017)| 1.0(+0.0-0.0)| 579.014(+0.072-0.072,+0.309-0.309)
 13 : 304.372( 0.074)|250.003 |54.369 |149.0 |117.0| 0.936(0.016) |32.0| 0.96(0.017) | 1.0(0.02,0.007) | 0.974(0.067) |0.42(0.037) |0.945(0.3,+0.008-0.008) |0.941(0.017)| 1.0(+0.0-0.0)| 57.186(+0.213-0.213,+0.311-0.311)
 14 : 8332.745( 0.067)|6812.324 |1520.421 |5216.0 |4155.0| 0.953(0.011) |1061.0| 0.948(0.017) | 1.0(0.02,0.007) | 0.974(0.067) |0.409(0.01) |0.949(0.3,+0.006-0.006) |0.952(0.012)| 1.0(+0.0-0.0)| 1981.778(+0.036-0.036,+0.309-0.309)
 15 : 7722.517( 0.067)|6388.186 |1334.331 |4077.0 |3296.0| 0.953(0.011) |781.0| 0.948(0.017) | 1.0(0.02,0.007) | 0.974(0.067) |0.39(0.007) |0.928(0.3,+0.005-0.005) |0.952(0.012)| 1.0(+0.0-0.0)| 1442.623(+0.044-0.044,+0.308-0.308)
 16 : 691.341( 0.07)|591.568 |99.774 |300.0 |250.0| 0.953(0.011) |50.0| 0.948(0.017) | 1.0(0.02,0.007) | 0.974(0.067) |0.397(0.024) |0.932(0.3,+0.007-0.007) |0.952(0.012)| 1.0(+0.0-0.0)| 108.528(+0.16-0.16,+0.309-0.309)
 17 : 1498.131( 0.068)|1371.205 |126.927 |749.0 |671.0| 0.97(0.007) |78.0| 0.892(0.036) | 1.0(0.02,0.006) | 0.974(0.067) |0.373(0.016) |0.966(0.3,+0.004-0.004) |0.962(0.01)| 1.0(+0.0-0.0)| 266.958(+0.103-0.103,+0.309-0.309)
 18 : 223.613( 0.077)|205.348 |18.265 |112.0 |101.0| 0.97(0.007) |11.0| 0.892(0.036) | 1.0(0.02,0.006) | 0.974(0.067) |0.36(0.043) |0.952(0.3,+0.008-0.008) |0.962(0.009)| 1.0(+0.0-0.0)| 37.977(+0.279-0.279,+0.311-0.311)
 19 : 294.125( 0.074)|285.255 |8.87 |151.0 |142.0| 0.97(0.007) |9.0| 0.892(0.036) | 1.0(0.02,0.006) | 0.974(0.067) |0.463(0.036) |0.969(0.3,+0.005-0.005) |0.965(0.008)| 1.0(+0.0-0.0)| 67.209(+0.183-0.183,+0.31-0.31)
 20 : 37.245( 0.114)|36.101 |1.145 |13.0 |13.0| 0.97(0.007) |0.0| 0.892(0.036) | 1.0(0.02,0.006) | 0.974(0.067) |0.431(0.104) |0.951(0.3,+0.019-0.019) |0.97(0.007)| 1.0(+0.0-0.0)| 5.302(+0.749-0.749,+0.326-0.326)
 21 : 511.782( 0.077)|389.134 |122.649 |397.0 |292.0| 0.936(0.016) |105.0| 0.96(0.017) | 1.0(0.02,0.007) | 0.974(0.067) |0.461(0.043) |0.907(0.3,+0.038-0.038) |0.942(0.017)| 1.0(+0.0-0.0)| 160.912(+0.124-0.124,+0.314-0.314)
 22 : 656.36( 0.071)|497.512 |158.847 |429.0 |325.0| 0.936(0.016) |104.0| 0.96(0.017) | 1.0(0.02,0.007) | 0.974(0.067) |0.387(0.026) |0.871(0.3,+0.025-0.025) |0.942(0.017)| 1.0(+0.0-0.0)| 140.03(+0.148-0.148,+0.311-0.311)
 23 : 92.224( 0.088)|72.22 |20.005 |48.0 |42.0| 0.936(0.016) |6.0| 0.96(0.017) | 1.0(0.02,0.007) | 0.974(0.067) |0.43(0.066) |0.888(0.3,+0.033-0.033) |0.939(0.017)| 1.0(+0.0-0.0)| 17.691(+0.392-0.392,+0.317-0.317)
 24 : 379.783( 0.079)|297.305 |82.478 |286.0 |224.0| 0.953(0.011) |62.0| 0.948(0.017) | 1.0(0.02,0.007) | 0.974(0.067) |0.436(0.047) |0.973(0.3,+0.016-0.016) |0.952(0.012)| 1.0(+0.0-0.0)| 118.659(+0.143-0.143,+0.312-0.312)
 25 : 1228.665( 0.069)|1000.315 |228.351 |766.0 |609.0| 0.953(0.011) |157.0| 0.948(0.017) | 1.0(0.02,0.007) | 0.974(0.067) |0.384(0.019) |0.893(0.3,+0.014-0.014) |0.952(0.012)| 1.0(+0.0-0.0)| 256.638(+0.108-0.108,+0.309-0.309)
 26 : 219.523( 0.077)|181.307 |38.216 |102.0 |81.0| 0.953(0.011) |21.0| 0.948(0.017) | 1.0(0.02,0.007) | 0.974(0.067) |0.389(0.043) |0.888(0.3,+0.016-0.016) |0.952(0.012)| 1.0(+0.0-0.0)| 34.485(+0.293-0.293,+0.312-0.312)
 27 : 158.671( 0.08)|146.953 |11.718 |91.0 |78.0| 0.97(0.007) |13.0| 0.892(0.036) | 1.0(0.02,0.007) | 0.974(0.067) |0.345(0.048) |0.929(0.3,+0.022-0.022) |0.959(0.011)| 1.0(+0.0-0.0)| 28.743(+0.332-0.332,+0.313-0.313)
 28 : 68.697( 0.095)|61.84 |6.857 |26.0 |23.0| 0.97(0.007) |3.0| 0.892(0.036) | 1.0(0.02,0.006) | 0.974(0.067) |0.339(0.077) |0.872(0.3,+0.03-0.03) |0.961(0.01)| 1.0(+0.0-0.0)| 7.582(+0.673-0.673,+0.319-0.319)
 29 : 40.481( 0.11)|38.764 |1.717 |16.0 |14.0| 0.97(0.007) |2.0| 0.892(0.036) | 1.0(0.02,0.007) | 0.974(0.067) |0.373(0.098) |0.943(0.3,+0.019-0.019) |0.96(0.01)| 1.0(+0.0-0.0)| 5.55(+0.721-0.721,+0.324-0.324)
 30 : 10.347( 0.195)|10.061 |0.286 |4.0 |4.0| 0.97(0.007) |0.0| 0.892(0.036) | 1.0(0.02,0.006) | 0.974(0.067) |0.405(0.205) |0.852(0.3,+0.13-0.13) |0.97(0.007)| 1.0(+0.0-0.0)| 1.373(+1.898-1.898,+0.393-0.393)
 31 : 51.624( 0.113)|41.041 |10.583 |35.0 |29.0| 0.936(0.016) |6.0| 0.96(0.017) | 1.0(0.02,0.007) | 0.974(0.067) |0.387(0.026) |0.922(0.3,+0.047-0.047) |0.94(0.017)| 1.0(+0.0-0.0)| 12.069(+0.49-0.49,+0.313-0.313)
 32 : 15.931( 0.154)|12.842 |3.089 |12.0 |12.0| 0.936(0.016) |0.0| 0.96(0.017) | 1.0(0.02,0.006) | 0.974(0.067) |0.43(0.066) |0.762(0.3,+0.126-0.126) |0.936(0.016)| 1.0(+0.0-0.0)| 3.783(+1.017-1.017,+0.34-0.34)
 33 : 84.106( 0.093)|67.206 |16.9 |68.0 |49.0| 0.953(0.011) |19.0| 0.948(0.017) | 1.0(0.02,0.008) | 0.974(0.067) |0.384(0.019) |0.948(0.3,+0.025-0.025) |0.952(0.013)| 1.0(+0.0-0.0)| 24.198(+0.341-0.341,+0.31-0.31)
 34 : 33.535( 0.118)|26.827 |6.708 |14.0 |12.0| 0.953(0.011) |2.0| 0.948(0.017) | 1.0(0.02,0.007) | 0.974(0.067) |0.389(0.043) |0.862(0.3,+0.036-0.036) |0.952(0.012)| 1.0(+0.0-0.0)| 4.595(+0.814-0.814,+0.313-0.313)
 35 : 9.405( 0.193)|7.694 |1.711 |10.0 |9.0| 0.97(0.007) |1.0| 0.892(0.036) | 1.0(0.02,0.006) | 0.974(0.067) |0.345(0.048) |0.81(0.3,+0.176-0.176) |0.962(0.009)| 1.0(+0.0-0.0)| 2.763(+1.145-1.145,+0.358-0.358)
 36 : 10.614( 0.184)|9.469 |1.145 |8.0 |8.0| 0.97(0.007) |0.0| 0.892(0.036) | 1.0(0.02,0.006) | 0.974(0.067) |0.339(0.077) |0.772(0.3,+0.077-0.077) |0.97(0.007)| 1.0(+0.0-0.0)| 2.086(+1.574-1.574,+0.327-0.327)
 37 : 1.766( 0.425)|1.48 |0.286 |2.0 |2.0| 0.97(0.007) |0.0| 0.892(0.036) | 1.0(0.02,0.006) | 0.974(0.067) |0.373(0.098) |0.838(0.3,+0.124-0.124) |0.97(0.007)| 1.0(+0.0-0.0)| 0.623(+3.514-3.514,+0.346-0.346)
 38 : 0.888( 0.597)|0.888 |0.0 |4.0 |4.0| 0.97(0.007) |0.0| 0.892(0.036) | 1.0(0.02,0.006) | 0.974(0.067) |0.405(0.205) |0.898(0.3,+0.114-0.125) |0.97(0.007)| 1.0(+0.0-0.0)| 1.447(+1.801-1.801,+0.387-0.391)
 39 : 1.454( 0.464)|0.883 |0.571 |1.0 |0.0| 0.936(0.016) |1.0| 0.96(0.017) | 1.0(0.02,0.012) | 0.974(0.067) |0.387(0.026) |0.922(0.3,+0.047-0.047) |0.96(0.017)| 1.0(+0.0-0.0)| 0.352(+5.526-5.526,+0.313-0.313)
 40 : 1.757( 0.425)|1.474 |0.282 |0.0 |0.0| 0.936(0.016) |0.0| 0.96(0.017) | 1.0(0.02,0.0) | 0.974(0.067) |0.43(0.066) |0.762(0.3,+0.126-0.126) |1.0(0.0)| 1.0(+0.0-0.0)| 0.0(+1.016-1.016,+0.339-0.339)
 41 : 2.551( 0.378)|1.985 |0.566 |2.0 |2.0| 0.953(0.011) |0.0| 0.948(0.017) | 1.0(0.02,0.006) | 0.974(0.067) |0.384(0.019) |0.948(0.3,+0.025-0.025) |0.953(0.011)| 1.0(+0.0-0.0)| 0.713(+3.071-3.071,+0.31-0.31)
 42 : 5.308( 0.251)|5.308 |0.0 |4.0 |3.0| 0.953(0.011) |1.0| 0.948(0.017) | 1.0(0.02,0.007) | 0.974(0.067) |0.389(0.043) |0.862(0.3,+0.036-0.036) |0.952(0.012)| 1.0(+0.0-0.0)| 1.312(+1.524-1.524,+0.313-0.313)
 43 : 0.296( 1.029)|0.296 |0.0 |0.0 |0.0| 0.97(0.007) |0.0| 0.892(0.036) | 1.0(0.02,0.0) | 0.974(0.067) |0.345(0.048) |0.81(0.3,+0.176-0.176) |1.0(0.0)| 1.0(+0.0-0.0)| 0.0(+0.815-0.815,+0.358-0.358)
 44 : 1.174( 0.518)|0.888 |0.286 |2.0 |2.0| 0.97(0.007) |0.0| 0.892(0.036) | 1.0(0.02,0.006) | 0.974(0.067) |0.339(0.077) |0.772(0.3,+0.077-0.077) |0.97(0.007)| 1.0(+0.0-0.0)| 0.522(+4.196-4.196,+0.327-0.327)
 45 : 0.0( 1.671)|0.0 |0.0 |0.0 |0.0| 0.97(0.007) |0.0| 0.892(0.036) | 1.0(0.02,0.0) | 0.974(0.067) |0.373(0.098) |0.838(0.3,+0.124-0.124) |1.0(0.0)| 1.0(+0.0-0.0)| 0.0(+0.881-0.881,+0.346-0.346)
 46 : 0.296( 1.029)|0.296 |0.0 |0.0 |0.0| 0.97(0.007) |0.0| 0.892(0.036) | 1.0(0.02,0.0) | 0.974(0.067) |0.405(0.205) |0.898(0.3,+0.114-0.125) |1.0(0.0)| 1.0(+0.0-0.0)| 0.0(+0.955-0.955,+0.387-0.391)

binIndex
[1, 2, 3, 4, 5, 6, 7, 8, 9, 10, 11, 12, 13, 14, 15, 16, 17, 18, 19, 20, 21, 22, 23, 24, 25, 26, 27, 28, 29, 30, 31, 32, 33, 34, 35, 36, 37, 38, 39, 40, 41, 42, 43, 44, 45, 46]
------------------------------------------------------
nMCGJ
[57380.462526495576, 4367.790115377005, 316.9888602280899, 52946.98099053615, 12171.277464754185, 724.5470263935705, 5099.562769531447, 215.80703551330504, 871.2877587691542, 33.131889624498314, 9714.747200817008, 3395.384741990437, 304.37216593959283, 8332.745319149954, 7722.516985240754, 691.3414358581314, 1498.13135747555, 223.61261381984693, 294.1252763616382, 37.245290049946014, 511.78244892599344, 656.3595753719895, 92.22425167347363, 379.7831787857863, 1228.6654215674275, 219.52297839250866, 158.67102272222508, 68.6967378199418, 40.480736443557355, 10.346999343443539, 51.62399907944503, 15.930591714530518, 84.10571132546565, 33.534719022809426, 9.40493551395401, 10.613520033752927, 1.7656770297995321, 0.8877229979631731, 1.4540276177215892, 1.756851815247315, 2.551230476880118, 5.308100557264827, 0.29590766598772433, 1.1738616978240834, 0.0, 0.29590766598772433]
------------------------------------------------------
nMCerr
[0.06691789770527838, 0.06734178545909779, 0.07376646753713721, 0.06688681230846692, 0.06699480361408432, 0.0699541912435724, 0.06726218116992505, 0.07714010804056166, 0.06948631998077086, 0.12059835055101181, 0.06738947517975528, 0.06752472369861151, 0.07404942558077836, 0.06734758033365985, 0.067116619433582, 0.07010058636758913, 0.06836273667286732, 0.07664774798011048, 0.07440403938804724, 0.11387817813192153, 0.07695597356141848, 0.07086512970089978, 0.08839176126564764, 0.07901370618480931, 0.06890171308100035, 0.07676853106321073, 0.0803416494284715, 0.0952100108986182, 0.11028487439183142, 0.1950888418269786, 0.11307795745253202, 0.15379301768495096, 0.09342258772167965, 0.11820270345615162, 0.19349393864695488, 0.1837736284022035, 0.42466475609392657, 0.5967961498515567, 0.4642547187888082, 0.4246857304859153, 0.37829814982214827, 0.2511567317120813, 1.0293567223119668, 0.5179712808826052, 1.6713350459533973, 1.0293567223119668]
------------------------------------------------------
nMCEBt
[45461.395249846224, 3477.382872075137, 261.51480710299643, 43785.56282896232, 10267.4255862508, 630.0924879603369, 4673.549345715619, 202.3917692980629, 843.5323048826459, 32.84575092463741, 7660.170255954338, 2625.9886223889216, 250.00304580214794, 6812.323885873885, 6388.185689560577, 591.5676128544145, 1371.204855685071, 205.3478294809447, 285.25497666595, 36.100735250502375, 389.1338850832013, 497.5121347029369, 72.21956086201786, 297.3051426985248, 1000.3149212649952, 181.3066812990873, 146.9532640232207, 61.8401805803872, 38.76390424439189, 10.060860643582629, 41.04125704527269, 12.841584184280133, 67.20570575752568, 26.826753130185875, 7.693519238382939, 9.468965234309286, 1.4795383299386218, 0.8877229979631731, 0.8829286308734102, 1.4744115840355725, 1.985080325068798, 5.308100557264827, 0.29590766598772433, 0.8877229979631731, 0.0, 0.29590766598772433]
------------------------------------------------------
nMCECt
[11919.067276649354, 890.4072433018682, 55.47405312509347, 9161.418161573829, 1903.8518785033841, 94.45453843323361, 426.0134238158285, 13.415266215242147, 27.755453886508306, 0.2861386998609104, 2054.5769448626706, 769.396119601515, 54.36912013744493, 1520.421433276068, 1334.3312956801774, 99.77382300371687, 126.92650179047891, 18.26478433890223, 8.870299695688221, 1.1445547994436416, 122.6485638427922, 158.84744066905256, 20.004690811455767, 82.47803608726153, 228.35050030243235, 38.21629709342138, 11.7177586990044, 6.856557239554594, 1.7168321991654623, 0.2861386998609104, 10.58274203417234, 3.089007530250383, 16.900005567939967, 6.707965892623552, 1.71141627557107, 1.1445547994436416, 0.2861386998609104, 0.0, 0.571098986848179, 0.28244023121174233, 0.5661501518113198, 0.0, 0.0, 0.2861386998609104, 0.0, 0.0]
------------------------------------------------------
Nobs
[37229.0, 2201.0, 114.0, 32148.0, 6078.0, 292.0, 2624.0, 83.0, 404.0, 18.0, 6507.0, 1752.0, 149.0, 5216.0, 4077.0, 300.0, 749.0, 112.0, 151.0, 13.0, 397.0, 429.0, 48.0, 286.0, 766.0, 102.0, 91.0, 26.0, 16.0, 4.0, 35.0, 12.0, 68.0, 14.0, 10.0, 8.0, 2.0, 4.0, 1.0, 0.0, 2.0, 4.0, 0.0, 2.0, 0.0, 0.0]
------------------------------------------------------
nEB
[28929.0, 1739.0, 94.0, 25953.0, 5057.0, 252.0, 2334.0, 79.0, 384.0, 18.0, 4936.0, 1343.0, 117.0, 4155.0, 3296.0, 250.0, 671.0, 101.0, 142.0, 13.0, 292.0, 325.0, 42.0, 224.0, 609.0, 81.0, 78.0, 23.0, 14.0, 4.0, 29.0, 12.0, 49.0, 12.0, 9.0, 8.0, 2.0, 4.0, 0.0, 0.0, 2.0, 3.0, 0.0, 2.0, 0.0, 0.0]
------------------------------------------------------
pEB
[0.935941864678, 0.935941864678, 0.935941864678, 0.9528332801676668, 0.9528332801676668, 0.9528332801676668, 0.9698275681449999, 0.9698275681449999, 0.9698275681449999, 0.9698275681449999, 0.935941864678, 0.935941864678, 0.935941864678, 0.9528332801676668, 0.9528332801676668, 0.9528332801676668, 0.9698275681449999, 0.9698275681449999, 0.9698275681449999, 0.9698275681449999, 0.935941864678, 0.935941864678, 0.935941864678, 0.9528332801676668, 0.9528332801676668, 0.9528332801676668, 0.9698275681449999, 0.9698275681449999, 0.9698275681449999, 0.9698275681449999, 0.935941864678, 0.935941864678, 0.9528332801676668, 0.9528332801676668, 0.9698275681449999, 0.9698275681449999, 0.9698275681449999, 0.9698275681449999, 0.935941864678, 0.935941864678, 0.9528332801676668, 0.9528332801676668, 0.9698275681449999, 0.9698275681449999, 0.9698275681449999, 0.9698275681449999]
------------------------------------------------------
pEBerr
[0.016481122146733865, 0.016481122146733865, 0.016481122146733865, 0.01100477066441423, 0.01100477066441423, 0.01100477066441423, 0.006700851348688687, 0.006700851348688687, 0.006700851348688687, 0.006700851348688687, 0.016481122146733865, 0.016481122146733865, 0.016481122146733865, 0.01100477066441423, 0.01100477066441423, 0.01100477066441423, 0.006700851348688687, 0.006700851348688687, 0.006700851348688687, 0.006700851348688687, 0.016481122146733865, 0.016481122146733865, 0.016481122146733865, 0.01100477066441423, 0.01100477066441423, 0.01100477066441423, 0.006700851348688687, 0.006700851348688687, 0.006700851348688687, 0.006700851348688687, 0.016481122146733865, 0.016481122146733865, 0.01100477066441423, 0.01100477066441423, 0.006700851348688687, 0.006700851348688687, 0.006700851348688687, 0.006700851348688687, 0.016481122146733865, 0.016481122146733865, 0.01100477066441423, 0.01100477066441423, 0.006700851348688687, 0.006700851348688687, 0.006700851348688687, 0.006700851348688687]
------------------------------------------------------
nEC
[8300.0, 462.0, 20.0, 6195.0, 1021.0, 40.0, 290.0, 4.0, 20.0, 0.0, 1571.0, 409.0, 32.0, 1061.0, 781.0, 50.0, 78.0, 11.0, 9.0, 0.0, 105.0, 104.0, 6.0, 62.0, 157.0, 21.0, 13.0, 3.0, 2.0, 0.0, 6.0, 0.0, 19.0, 2.0, 1.0, 0.0, 0.0, 0.0, 1.0, 0.0, 0.0, 1.0, 0.0, 0.0, 0.0, 0.0]
------------------------------------------------------
pEC
[0.9603043977869999, 0.9603043977869999, 0.9603043977869999, 0.948359821654, 0.948359821654, 0.948359821654, 0.8919489522903333, 0.8919489522903333, 0.8919489522903333, 0.8919489522903333, 0.9603043977869999, 0.9603043977869999, 0.9603043977869999, 0.948359821654, 0.948359821654, 0.948359821654, 0.8919489522903333, 0.8919489522903333, 0.8919489522903333, 0.8919489522903333, 0.9603043977869999, 0.9603043977869999, 0.9603043977869999, 0.948359821654, 0.948359821654, 0.948359821654, 0.8919489522903333, 0.8919489522903333, 0.8919489522903333, 0.8919489522903333, 0.9603043977869999, 0.9603043977869999, 0.948359821654, 0.948359821654, 0.8919489522903333, 0.8919489522903333, 0.8919489522903333, 0.8919489522903333, 0.9603043977869999, 0.9603043977869999, 0.948359821654, 0.948359821654, 0.8919489522903333, 0.8919489522903333, 0.8919489522903333, 0.8919489522903333]
------------------------------------------------------
pECerr
[0.01667440668490169, 0.01667440668490169, 0.01667440668490169, 0.016930112124528423, 0.016930112124528423, 0.016930112124528423, 0.03604156077892064, 0.03604156077892064, 0.03604156077892064, 0.03604156077892064, 0.01667440668490169, 0.01667440668490169, 0.01667440668490169, 0.016930112124528423, 0.016930112124528423, 0.016930112124528423, 0.03604156077892064, 0.03604156077892064, 0.03604156077892064, 0.03604156077892064, 0.01667440668490169, 0.01667440668490169, 0.01667440668490169, 0.016930112124528423, 0.016930112124528423, 0.016930112124528423, 0.03604156077892064, 0.03604156077892064, 0.03604156077892064, 0.03604156077892064, 0.01667440668490169, 0.01667440668490169, 0.016930112124528423, 0.016930112124528423, 0.03604156077892064, 0.03604156077892064, 0.03604156077892064, 0.03604156077892064, 0.01667440668490169, 0.01667440668490169, 0.016930112124528423, 0.016930112124528423, 0.03604156077892064, 0.03604156077892064, 0.03604156077892064, 0.03604156077892064]
------------------------------------------------------
trigW
[1.0, 1.0, 1.0, 1.0, 1.0, 1.0, 1.0, 1.0, 1.0, 1.0, 1.0, 1.0, 1.0, 1.0, 1.0, 1.0, 1.0, 1.0, 1.0, 1.0, 1.0, 1.0, 1.0, 1.0, 1.0, 1.0, 1.0, 1.0, 1.0, 1.0, 1.0, 1.0, 1.0, 1.0, 1.0, 1.0, 1.0, 1.0, 1.0, 1.0, 1.0, 1.0, 1.0, 1.0, 1.0, 1.0]
------------------------------------------------------
trigWsysErr
[0.02, 0.02, 0.02, 0.02, 0.02, 0.02, 0.02, 0.02, 0.02, 0.02, 0.02, 0.02, 0.02, 0.02, 0.02, 0.02, 0.02, 0.02, 0.02, 0.02, 0.02, 0.02, 0.02, 0.02, 0.02, 0.02, 0.02, 0.02, 0.02, 0.02, 0.02, 0.02, 0.02, 0.02, 0.02, 0.02, 0.02, 0.02, 0.02, 0.02, 0.02, 0.02, 0.02, 0.02, 0.02, 0.02]
------------------------------------------------------
trigWerr
[0.007198224940771979, 0.0071122370377101314, 0.006884960701754386, 0.006998802685703621, 0.006835796127015465, 0.006631397808219177, 0.006456861935975609, 0.006045873734939759, 0.006054526534653466, 0.00572808, 0.007320137725526357, 0.007267484098173516, 0.00714428832214765, 0.0070694272814417185, 0.006991284763306352, 0.0068271166666666674, 0.006414794499332443, 0.006375726607142857, 0.00612111298013245, 0.00572808, 0.007472143224181359, 0.007326678787878788, 0.006552357499999999, 0.007157596223776224, 0.00707963684073107, 0.007085713529411765, 0.006670111428571429, 0.006488951538461538, 0.006552357500000001, 0.00572808, 0.0068585177142857145, 0.00572808, 0.007570582647058823, 0.006670111428571429, 0.006387501999999999, 0.00572808, 0.00572808, 0.00572808, 0.0123223, 0.0, 0.00572808, 0.0073766349999999994, 0.0, 0.00572808, 0.0, 0.0]
------------------------------------------------------
SF
[0.9735319735212031, 0.9735319735212031, 0.9735319735212031, 0.9735319735212031, 0.9735319735212031, 0.9735319735212031, 0.9735319735212031, 0.9735319735212031, 0.9735319735212031, 0.9735319735212031, 0.9735319735212031, 0.9735319735212031, 0.9735319735212031, 0.9735319735212031, 0.9735319735212031, 0.9735319735212031, 0.9735319735212031, 0.9735319735212031, 0.9735319735212031, 0.9735319735212031, 0.9735319735212031, 0.9735319735212031, 0.9735319735212031, 0.9735319735212031, 0.9735319735212031, 0.9735319735212031, 0.9735319735212031, 0.9735319735212031, 0.9735319735212031, 0.9735319735212031, 0.9735319735212031, 0.9735319735212031, 0.9735319735212031, 0.9735319735212031, 0.9735319735212031, 0.9735319735212031, 0.9735319735212031, 0.9735319735212031, 0.9735319735212031, 0.9735319735212031, 0.9735319735212031, 0.9735319735212031, 0.9735319735212031, 0.9735319735212031, 0.9735319735212031, 0.9735319735212031]
------------------------------------------------------
SFerr
[0.06678948893384838, 0.06678948893384838, 0.06678948893384838, 0.06678948893384838, 0.06678948893384838, 0.06678948893384838, 0.06678948893384838, 0.06678948893384838, 0.06678948893384838, 0.06678948893384838, 0.06678948893384838, 0.06678948893384838, 0.06678948893384838, 0.06678948893384838, 0.06678948893384838, 0.06678948893384838, 0.06678948893384838, 0.06678948893384838, 0.06678948893384838, 0.06678948893384838, 0.06678948893384838, 0.06678948893384838, 0.06678948893384838, 0.06678948893384838, 0.06678948893384838, 0.06678948893384838, 0.06678948893384838, 0.06678948893384838, 0.06678948893384838, 0.06678948893384838, 0.06678948893384838, 0.06678948893384838, 0.06678948893384838, 0.06678948893384838, 0.06678948893384838, 0.06678948893384838, 0.06678948893384838, 0.06678948893384838, 0.06678948893384838, 0.06678948893384838, 0.06678948893384838, 0.06678948893384838, 0.06678948893384838, 0.06678948893384838, 0.06678948893384838, 0.06678948893384838]
------------------------------------------------------
ZgR
[0.4130132997282927, 0.38959453871450844, 0.44959337099127505, 0.419840770758121, 0.400855185036761, 0.4084110596090746, 0.40920745365345207, 0.3979808670551298, 0.5145961534561888, 0.5953376168139407, 0.42072056848662315, 0.37939059876138426, 0.4202567388222739, 0.4093595886096005, 0.3897429465353745, 0.3967853211190633, 0.37346780167385746, 0.36035791173665616, 0.4633509412772879, 0.43064846535792395, 0.4614613086480243, 0.38732821094327313, 0.43011191580040653, 0.4361328511538071, 0.38390976340567107, 0.3891694467603511, 0.3451629634759186, 0.3389460195166707, 0.3730582300905387, 0.4045538155554325, 0.38732821094327313, 0.43011191580040653, 0.38390976340567107, 0.3891694467603511, 0.3451629634759186, 0.3389460195166707, 0.3730582300905387, 0.4045538155554325, 0.38732821094327313, 0.43011191580040653, 0.38390976340567107, 0.3891694467603511, 0.3451629634759186, 0.3389460195166707, 0.3730582300905387, 0.4045538155554325]
------------------------------------------------------
REr1
[0.004632593169930726, 0.009371210032662513, 0.03578633271230663, 0.003959305635321374, 0.0056351520189008705, 0.02379595621853325, 0.008449836750593694, 0.0432594715889253, 0.020414205864308817, 0.1085326943528708, 0.010058326379137313, 0.01088886185933004, 0.036775994886569886, 0.009533405672339117, 0.007177744799737267, 0.024383140598321557, 0.01573681731457381, 0.042689837656677214, 0.03610917262309751, 0.10402572497631567, 0.0433849967338166, 0.026129545280599787, 0.06605172041020123, 0.04693730325349076, 0.01855208527658581, 0.04326290908181588, 0.04848685149494605, 0.07721114869955653, 0.0979630708964139, 0.2052843409047882, 0.026129545280599787, 0.06605172041020123, 0.01855208527658581, 0.04326290908181588, 0.04848685149494605, 0.07721114869955653, 0.0979630708964139, 0.2052843409047882, 0.026129545280599787, 0.06605172041020123, 0.01855208527658581, 0.04326290908181588, 0.04848685149494605, 0.07721114869955653, 0.0979630708964139, 0.2052843409047882]
------------------------------------------------------
f
[0.969432907698, 0.973145158757, 0.979263771362, 0.976889210827, 0.968630268912, 0.977559820541, 0.985131528509, 0.983965826053, 0.989420643321, 0.990962172524, 0.924415581298, 0.900613686123, 0.944646618266, 0.949206308714, 0.928448449434, 0.932263077866, 0.966073435266, 0.95206802902, 0.968901223366, 0.950653869399, 0.907367595812, 0.871073319118, 0.888424582686, 0.972950074516, 0.892513261282, 0.888482999934, 0.929254115212, 0.871710694575, 0.942829884842, 0.851514476336, 0.921928773995, 0.762406001333, 0.948291436198, 0.86223639719, 0.809934607131, 0.772346396222, 0.837954268482, 0.897608048896, 0.921928773995, 0.762406001333, 0.948291436198, 0.86223639719, 0.809934607131, 0.772346396222, 0.837954268482, 0.897608048896]
------------------------------------------------------
fsysErr
[0.3, 0.3, 0.3, 0.3, 0.3, 0.3, 0.3, 0.3, 0.3, 0.3, 0.3, 0.3, 0.3, 0.3, 0.3, 0.3, 0.3, 0.3, 0.3, 0.3, 0.3, 0.3, 0.3, 0.3, 0.3, 0.3, 0.3, 0.3, 0.3, 0.3, 0.3, 0.3, 0.3, 0.3, 0.3, 0.3, 0.3, 0.3, 0.3, 0.3, 0.3, 0.3, 0.3, 0.3, 0.3, 0.3]
------------------------------------------------------
ferrUp
[0.002250200779804311, 0.003972962859578311, 0.0049004880203068635, 0.00167757407817274, 0.002384757431114161, 0.003165890683484979, 0.0020279042173623305, 0.004365766789860662, 0.0015852519632553635, 0.005836579925849714, 0.007787383961985988, 0.009812669869390639, 0.008344398899282767, 0.006063123069459132, 0.004721424548926035, 0.0072158929819024, 0.004291138046921409, 0.007853669233296907, 0.004964086894906463, 0.01885866658054425, 0.038399414046210986, 0.02546383174134997, 0.032584517665053776, 0.01571095890845592, 0.013587914068503917, 0.016126979345428533, 0.02199867618766077, 0.029982614856116467, 0.018523126276620575, 0.13040434315902827, 0.04748179544294971, 0.12551371208357517, 0.02476476642851025, 0.03636481466368751, 0.17565094320631955, 0.07720069804942994, 0.1237737145726204, 0.1140720064062878, 0.04748179544294971, 0.12551371208357517, 0.02476476642851025, 0.03636481466368751, 0.17565094320631955, 0.07720069804942994, 0.1237737145726204, 0.1140720064062878]
------------------------------------------------------
ferrDn
[0.002250200779804311, 0.003972962859578311, 0.0049004880203068635, 0.00167757407817274, 0.002384757431114161, 0.003165890683484979, 0.0020279042173623305, 0.004365766789860662, 0.0015852519632553635, 0.005836579925849714, 0.007787383961985988, 0.009812669869390639, 0.008344398899282767, 0.006063123069459132, 0.004721424548926035, 0.0072158929819024, 0.004291138046921409, 0.007853669233296907, 0.004964086894906463, 0.01885866658054425, 0.038399414046210986, 0.02546383174134997, 0.032584517665053776, 0.01571095890845592, 0.013587914068503917, 0.016126979345428533, 0.02199867618766077, 0.029982614856116467, 0.018523126276620575, 0.13040434315902827, 0.04748179544294971, 0.12551371208357517, 0.02476476642851025, 0.03636481466368751, 0.17565094320631955, 0.07720069804942994, 0.1237737145726204, 0.1254040169854159, 0.04748179544294971, 0.12551371208357517, 0.02476476642851025, 0.03636481466368751, 0.17565094320631955, 0.07720069804942994, 0.1237737145726204, 0.1254040169854159]
------------------------------------------------------
purity
[0.9413733569234188, 0.9410556721729378, 0.940215993293614, 0.9519712335242623, 0.9520818156822352, 0.9522204776315479, 0.9612205564842328, 0.9660743818387509, 0.9659721911224918, 0.9698275681449999, 0.9418237671698146, 0.9416292368478523, 0.9411740865537583, 0.9519233224446988, 0.9519763336140308, 0.9520877037487222, 0.9617173785099344, 0.9621787755164167, 0.9651857963390926, 0.9698275681449999, 0.9423853558025466, 0.9418479333104848, 0.938987181316625, 0.9518635094409278, 0.9519163963730902, 0.9519122740030883, 0.9587020515943333, 0.960841574007923, 0.9600927411631666, 0.9698275681449999, 0.9401182989252571, 0.935941864678, 0.9515833432300246, 0.9521942146657143, 0.9620397065595332, 0.9698275681449999, 0.9698275681449999, 0.9698275681449999, 0.9603043977869999, 1.0, 0.9528332801676668, 0.95171491553925, 1.0, 0.9698275681449999, 1.0, 1.0]
------------------------------------------------------
pErr
[0.016525080442887984, 0.01652252331992598, 0.01651575621763395, 0.012142267126961207, 0.011996235475192749, 0.011813170379758207, 0.009709848159091572, 0.008006366580962527, 0.00804205465939087, 0.006700851348688687, 0.01652870294941314, 0.016527138828984374, 0.016523476668307415, 0.012205547669891492, 0.012135531347246374, 0.011988460813306233, 0.009534695296936789, 0.00937219339549606, 0.00831694025887554, 0.006700851348688687, 0.016533214778056648, 0.016528897212071424, 0.016505831215680705, 0.012284557112853603, 0.012214696092847786, 0.012220141260644286, 0.01060053083010373, 0.009843578885716478, 0.010108128311855372, 0.006700851348688687, 0.016514968098535403, 0.016481122146733865, 0.012654772341592556, 0.01184783933432024, 0.009421156431453066, 0.006700851348688687, 0.006700851348688687, 0.006700851348688687, 0.01667440668490169, 0.0, 0.01100477066441423, 0.012480883857189236, 0.0, 0.006700851348688687, 0.0, 0.0]
------------------------------------------------------
DR
[1.0, 1.0, 1.0, 1.0, 1.0, 1.0, 1.0, 1.0, 1.0, 1.0, 1.0, 1.0, 1.0, 1.0, 1.0, 1.0, 1.0, 1.0, 1.0, 1.0, 1.0, 1.0, 1.0, 1.0, 1.0, 1.0, 1.0, 1.0, 1.0, 1.0, 1.0, 1.0, 1.0, 1.0, 1.0, 1.0, 1.0, 1.0, 1.0, 1.0, 1.0, 1.0, 1.0, 1.0, 1.0, 1.0]
------------------------------------------------------
DRup
[0.0, 0.0, 0.0, 0.0, 0.0, 0.0, 0.0, 0.0, 0.0, 0.0, 0.0, 0.0, 0.0, 0.0, 0.0, 0.0, 0.0, 0.0, 0.0, 0.0, 0.0, 0.0, 0.0, 0.0, 0.0, 0.0, 0.0, 0.0, 0.0, 0.0, 0.0, 0.0, 0.0, 0.0, 0.0, 0.0, 0.0, 0.0, 0.0, 0.0, 0.0, 0.0, 0.0, 0.0, 0.0, 0.0]
------------------------------------------------------
DRlow
[0.0, 0.0, 0.0, 0.0, 0.0, 0.0, 0.0, 0.0, 0.0, 0.0, 0.0, 0.0, 0.0, 0.0, 0.0, 0.0, 0.0, 0.0, 0.0, 0.0, 0.0, 0.0, 0.0, 0.0, 0.0, 0.0, 0.0, 0.0, 0.0, 0.0, 0.0, 0.0, 0.0, 0.0, 0.0, 0.0, 0.0, 0.0, 0.0, 0.0, 0.0, 0.0, 0.0, 0.0, 0.0, 0.0]
------------------------------------------------------
Yield
[14413.679095029755, 806.6323335593191, 48.473218090146744, 12893.104094665325, 2307.9706858788645, 114.02786313624802, 1044.4181621252292, 32.253782106566824, 204.10012577088818, 10.578819619978015, 2448.280844482514, 579.013812693639, 57.18604613935901, 1981.7775942561946, 1442.6225059106996, 108.52806831701527, 266.9576481502442, 37.977434106517, 67.2089644430187, 5.301917700154568, 160.91160803873842, 140.03019809724816, 17.691013857365547, 118.65877156135096, 256.63813600605664, 34.485357962857954, 28.74309376612676, 7.581896064052965, 5.5499991251107685, 1.3726905193058665, 12.069154047716886, 3.783098776351729, 24.197834952093476, 4.594819369403533, 2.762593099834929, 2.086300946548313, 0.6228324683045645, 1.4469960206360428, 0.3522371819084911, 0.0, 0.7126358713980098, 1.312144716672774, 0.0, 0.5215752366370783, 0.0, 0.0]
------------------------------------------------------
YstatUp
[0.013386462838495448, 0.05816133877989348, 0.22026757604941571, 0.013906552855956088, 0.033779254412213, 0.1498581751919457, 0.04904644112586846, 0.2824609389696791, 0.09847985720893028, 0.4310012632588645, 0.03294800845265881, 0.0722899836848271, 0.21345339361261398, 0.036442979550476574, 0.0442606362369691, 0.15959473290443912, 0.10251762613448459, 0.2786656206044815, 0.18283581408046734, 0.7494505022984645, 0.12382486936787367, 0.14791320342790412, 0.3916227349169699, 0.14252241366365298, 0.10784330589723004, 0.29286356688655024, 0.33188466390529836, 0.6725256414115313, 0.7207208343334949, 1.8981348878984043, 0.4901818105651537, 1.0165301292077678, 0.3407830191238617, 0.8143208874954441, 1.1446773179724992, 1.5743874847454387, 3.5135540588264935, 1.8006627024700073, 5.526133516970375, 1.0158110747875602, 3.0707906166545205, 1.5242221186329443, 0.8151840207748108, 4.195666115381786, 0.881065294276734, 0.9554495727560214]
------------------------------------------------------
YstatLow
[0.013386462838495448, 0.05816133877989348, 0.22026757604941571, 0.013906552855956088, 0.033779254412213, 0.1498581751919457, 0.04904644112586846, 0.2824609389696791, 0.09847985720893028, 0.4310012632588645, 0.03294800845265881, 0.0722899836848271, 0.21345339361261398, 0.036442979550476574, 0.0442606362369691, 0.15959473290443912, 0.10251762613448459, 0.2786656206044815, 0.18283581408046734, 0.7494505022984645, 0.12382486936787367, 0.14791320342790412, 0.3916227349169699, 0.14252241366365298, 0.10784330589723004, 0.29286356688655024, 0.33188466390529836, 0.6725256414115313, 0.7207208343334949, 1.8981348878984043, 0.4901818105651537, 1.0165301292077678, 0.3407830191238617, 0.8143208874954441, 1.1446773179724992, 1.5743874847454387, 3.5135540588264935, 1.8006627024700073, 5.526133516970375, 1.0158110747875602, 3.0707906166545205, 1.5242221186329443, 0.8151840207748108, 4.195666115381786, 0.881065294276734, 0.9554495727560214]
------------------------------------------------------
YsysUp
[0.30856482767971793, 0.308687572694371, 0.31062144985686796, 0.3083435487860289, 0.30836490658405413, 0.30922586026969157, 0.3083379966627597, 0.31121043062357134, 0.30883882623725517, 0.32672918380526217, 0.308787032674748, 0.3088715821787294, 0.31081667387990963, 0.3085246105469109, 0.308432807732815, 0.3093505700716598, 0.30864049818494127, 0.31124496155028075, 0.31031595166483905, 0.32575381640645823, 0.3139216285762902, 0.31067487886965583, 0.3171762794497479, 0.3122705910356266, 0.30917465479454276, 0.31175652966012596, 0.31281402461254304, 0.3191556940530871, 0.3239534116896083, 0.39253726125907995, 0.3132377584258234, 0.3395317301960048, 0.3098963800063604, 0.3134322519511224, 0.35804276674653435, 0.3268945661893947, 0.3462011609164368, 0.38741790279696386, 0.31341344065417037, 0.33908311300061916, 0.30979384311873565, 0.31347264966113125, 0.3578617951796577, 0.3268945661893947, 0.34608890694531796, 0.38731759461495435]
------------------------------------------------------
YsysLow
[0.30856482767971793, 0.308687572694371, 0.31062144985686796, 0.3083435487860289, 0.30836490658405413, 0.30922586026969157, 0.3083379966627597, 0.31121043062357134, 0.30883882623725517, 0.32672918380526217, 0.308787032674748, 0.3088715821787294, 0.31081667387990963, 0.3085246105469109, 0.308432807732815, 0.3093505700716598, 0.30864049818494127, 0.31124496155028075, 0.31031595166483905, 0.32575381640645823, 0.3139216285762902, 0.31067487886965583, 0.3171762794497479, 0.3122705910356266, 0.30917465479454276, 0.31175652966012596, 0.31281402461254304, 0.3191556940530871, 0.3239534116896083, 0.39253726125907995, 0.3132377584258234, 0.3395317301960048, 0.3098963800063604, 0.3134322519511224, 0.35804276674653435, 0.3268945661893947, 0.3462011609164368, 0.39090456154683084, 0.31341344065417037, 0.33908311300061916, 0.30979384311873565, 0.31347264966113125, 0.3578617951796577, 0.3268945661893947, 0.34608890694531796, 0.3908051482885511]
------------------------------------------------------