 19741 987.32 967.471 
 1485 95.2733 94.3398 
 85 13.4536 12.8062 
 12459 616.604 606.712 
 3388 186.29 176.647 
 103 13.4536 12.8062 
 2643 193.763 193.763 
 87 13.6015 13.0384 
 302 36.4005 33.2415 
 12.8 7.74145 4.58039 
 2699 203.394 203.214 
 223 23.0217 23.0217 
 12.4 3.72156 2.69072 
 1716 132.575 132.575 
 472 39.9249 39.9249 
 19.7 5.16236 4.44072 
 359 37.108 37.108 
 14.1 4.90918 3.245 
 45.2 6.86003 6.35295 
 2 2.47386 0.640312 
 128 24.0416 22.8035 
 16.2 5.10882 4.66905 
 0.5 2.10238 0.141421 
 90 17.088 16.1555 
 25.3 6.17171 5.60357 
 0.7 2.60768 0.141421 
 21.5 5 4.66476 
 0.5 1.00499 0.1 
 2 1.39284 0.509902 
 0.2 1.90263 0.1 
 12764 602.08 592.284 
 4162 225.391 225.175 
 342 34.9285 34.0147 
 7076 346.539 346.347 
 6896 316.139 306.34 
 469 39.8121 37.5766 
 2455 173.566 163.783 
 247 23.3238 22.8254 
 318 36.0555 33.2415 
 36.5 8.64523 8 
 3116 195.028 195.028 
 1158 83.4865 83.4865 
 104 14.4222 14.4222 
 1620 113.759 113.759 
 1678 113.265 113.265 
 119 13.6015 13.6015 
 537 49.0408 48.0833 
 63.6 9.32309 9.20869 
 64.3 8.86397 8.37735 
 9.2 2.90689 2.33452 
 581 50.1597 49.7695 
 292 26.6271 25.807 
 20.6 4.90408 4.60109 
 265 29.0689 27.7308 
 337 31.305 31.305 
 25.5 6.86003 6.29682 
 87 11.6619 11.1803 
 14 4.44072 3.98246 
 9.9 2.26716 1.92354 
 1.5 1.64924 0.360555 
 36.2 8.65563 8.16884 
 27.5 7.71038 6.59469 
 3.2 3.18277 1.7 
 12.4 4.17253 3.70135 
 38.4 10.36 10.0603 
 1.6 1.80278 0.761577 
 6 3.64005 2.64197 
 0.5 1.21655 0.223607 
 0.4 1.11803 0.2 
 0.1 1.5 0 
 814 67.0522 65.146 
 1408 96.3016 94.1116 
 225 31.6228 30.6757 
 336 41.1096 40.1622 
 1647 102.616 98.4937 
 294 28.6356 27.313 
 400 35.8469 34.5398 
 140 14.4222 14.4222 
 58.8 9.37443 8.82043 
 29 9.60208 9.10659 
 425 35.3412 34.9285 
 861 64.195 63.2456 
 115 17.088 17.088 
 164 19.2354 19.2354 
 806 60.7289 59.7746 
 147 16.6433 16.6433 
 152 17.4642 17.4642 
 56.8 7.32393 7.12811 
 24 4.48219 4.22019 
 12 4.34166 3.66197 
 170 18.6011 18.0278 
 427 35.3553 35.3553 
 57.3 11.9206 11.8444 
 44.2 8.08022 7.90569 
 347 30.8707 30.8707 
 53.2 7.56637 7.42496 
 45.6 7.66616 7.4793 
 17 3.47131 3.25269 
 5.5 2.08087 1.56205 
 4.3 2.40832 1.64012 
 19.4 4.81664 3.96611 
 79 15.2643 11.3137 
 15.3 6.80955 5.57584 
 5.9 2.7313 2.28254 
 68.6 10.4637 10.0896 
 11.9 4.41022 3.66197 
 6.9 2.44131 2.06155 
 3.8 1.78885 1.38924 
 0.5 1.21655 0.223607 
 0.4 1.21655 0.223607 
 158 17.4642 17.4642 
 69 13 13 
 191 23.2594 21.9317 
 84 11.6619 11.6619 
 28.5 6.04401 5.66127 
 32.9 5.98164 5.58032 
 6.5 2.88444 2.40832 
 2.9 1.92354 1.22066 
 164 17 17 
 62.3 10.0344 9.98499 
 159 20.6155 19.6977 
 65.9 9.77548 9.58801 
 21.7 5.0448 4.86004 
 30.2 6.18466 5.98164 
 3 1.64012 1.28062 
 1.6 1.48661 0.806226 
 107.2 12.3762 12.3069 
 29.7 5.09313 5.02494 
 84.9 11.183 11.0454 
 39.3 6.22415 6.15224 
 8.2 2.47588 2.26716 
 16.8 4.44072 4.28019 
 1.5 1.2083 0.72111 
 0.9 1.07703 0.538516 
 39.1 7.10282 6.42028 
 19.5 6.09016 5.21536 
 29.1 6.38122 6.15873 
 18.4 4.95782 4.38406 
 2.8 1.42127 1 
 5.7 3.82753 2.69258 
 0.41 0.894986 0.233238 
 0.67 1.04355 0.488365 
 9.6 3.53553 3.14006 
 12.8 4.03113 3.62353 
 10.9 5.54707 4.92443 
 12.7 3.25576 3 
 0.9 1.55242 0.707107 
 6.2 3.04795 2.56125 
 0 1 0 
 0.6 1.61555 0.5 
 13.9 4.14005 3.82884 
 15.5 3.81838 3.47131 
 10 4.24382 3.63593 
 15.9 3.74833 3.53836 
 0.14 0.961301 0.067082 
 4.7 2.34307 1.84391 
 0.06 0.960469 0.0412311 
 0.5 1.14018 0.316228 
 10.3 3 2.76586 
 12.5 3.20156 3.04795 
 9.9 2.9 2.61725 
 14.9 3.36006 3.20156 
 0.72 0.94578 0.497393 
 3.2 1.78885 1.30384 
 0.01 0.9 0.01 
 0.02 0.860058 0.02 
 4.6 1.84391 1.48661 
 9.7 4.17732 3.39706 
 4.5 2.12603 1.56205 
 5.8 2.36008 1.80278 
 0.1 1.00499 0 
 2.7 1.52643 1.08167 
 0.02 0.850529 0.02 
 0.03 0.981275 0.03 
