 binIndex : nMCGJ( nMCerr)|nMCEBt |nMCECt |Nobs |nEB| pEB(pEBerr) |nEC| pEC(pECerr) | trigW(trigWsysErr,trigWerr) | SF(SFerr) |ZgR(REr1) |f(fsysErr,+ferrUp-ferrDn) |purity(pErr)| DR(+DRup-DRlow)| Yield(+YstatUp-YstatLow,+YsysUp-YsysLow)
 1 : 39504.349( 0.067)|31558.268 |7946.08 |69843.0 |55117.0| 0.939(0.016) |14726.0| 0.964(0.015) | 1.0(0.02,0.009) | 0.974(0.067) |0.433(0.005) |0.969(0.3,+0.002-0.002) |0.945(0.015)| 1.0(+0.0-0.0)| 28426.713(+0.009-0.009,+0.309-0.309)
 2 : 2996.711( 0.067)|2405.271 |591.44 |3819.0 |3054.0| 0.939(0.016) |765.0| 0.964(0.015) | 1.0(0.02,0.009) | 0.974(0.067) |0.407(0.009) |0.973(0.3,+0.004-0.004) |0.944(0.015)| 1.0(+0.0-0.0)| 1466.355(+0.042-0.042,+0.309-0.309)
 3 : 220.868( 0.074)|182.41 |38.459 |250.0 |210.0| 0.939(0.016) |40.0| 0.964(0.015) | 1.0(0.02,0.009) | 0.974(0.067) |0.469(0.036) |0.979(0.3,+0.005-0.005) |0.943(0.015)| 1.0(+0.0-0.0)| 111.17(+0.142-0.142,+0.311-0.311)
 4 : 36470.04( 0.067)|30308.401 |6161.639 |60349.0 |49131.0| 0.953(0.012) |11218.0| 0.947(0.024) | 1.0(0.02,0.009) | 0.974(0.067) |0.435(0.004) |0.977(0.3,+0.002-0.002) |0.952(0.014)| 1.0(+0.0-0.0)| 25049.986(+0.01-0.01,+0.308-0.308)
 5 : 8335.587( 0.067)|7051.497 |1284.089 |11145.0 |9336.0| 0.953(0.012) |1809.0| 0.947(0.024) | 1.0(0.02,0.009) | 0.974(0.067) |0.413(0.006) |0.969(0.3,+0.002-0.002) |0.952(0.014)| 1.0(+0.0-0.0)| 4362.141(+0.024-0.024,+0.308-0.308)
 6 : 502.862( 0.07)|437.22 |65.642 |549.0 |485.0| 0.953(0.012) |64.0| 0.947(0.024) | 1.0(0.02,0.008) | 0.974(0.067) |0.419(0.024) |0.978(0.3,+0.003-0.003) |0.952(0.013)| 1.0(+0.0-0.0)| 219.922(+0.107-0.107,+0.309-0.309)
 7 : 3523.651( 0.067)|3228.004 |295.647 |4648.0 |4208.0| 0.974(0.006) |440.0| 0.885(0.056) | 1.0(0.02,0.008) | 0.974(0.067) |0.418(0.009) |0.985(0.3,+0.002-0.002) |0.966(0.01)| 1.0(+0.0-0.0)| 1898.099(+0.036-0.036,+0.308-0.308)
 8 : 150.3( 0.077)|140.805 |9.496 |202.0 |196.0| 0.974(0.006) |6.0| 0.885(0.056) | 1.0(0.02,0.008) | 0.974(0.067) |0.402(0.043) |0.984(0.3,+0.004-0.004) |0.972(0.007)| 1.0(+0.0-0.0)| 79.737(+0.178-0.178,+0.311-0.311)
 9 : 603.525( 0.07)|583.863 |19.663 |695.0 |673.0| 0.974(0.006) |22.0| 0.885(0.056) | 1.0(0.02,0.008) | 0.974(0.067) |0.524(0.021) |0.989(0.3,+0.002-0.002) |0.971(0.007)| 1.0(+0.0-0.0)| 359.87(+0.073-0.073,+0.309-0.309)
 10 : 23.28( 0.121)|23.07 |0.21 |45.0 |45.0| 0.974(0.006) |0.0| 0.885(0.056) | 1.0(0.02,0.007) | 0.974(0.067) |0.598(0.109) |0.991(0.3,+0.006-0.006) |0.974(0.006)| 1.0(+0.0-0.0)| 26.675(+0.259-0.259,+0.327-0.327)
 11 : 6657.963( 0.067)|5290.778 |1367.185 |11467.0 |8995.0| 0.939(0.016) |2472.0| 0.964(0.015) | 1.0(0.02,0.009) | 0.974(0.067) |0.442(0.01) |0.924(0.3,+0.008-0.008) |0.945(0.015)| 1.0(+0.0-0.0)| 4546.397(+0.024-0.024,+0.309-0.309)
 12 : 2330.133( 0.068)|1816.607 |513.526 |3337.0 |2601.0| 0.939(0.016) |736.0| 0.964(0.015) | 1.0(0.02,0.009) | 0.974(0.067) |0.396(0.011) |0.901(0.3,+0.01-0.01) |0.945(0.015)| 1.0(+0.0-0.0)| 1154.97(+0.05-0.05,+0.309-0.309)
 13 : 212.469( 0.074)|174.706 |37.763 |262.0 |215.0| 0.939(0.016) |47.0| 0.964(0.015) | 1.0(0.02,0.009) | 0.974(0.067) |0.436(0.037) |0.945(0.3,+0.008-0.008) |0.944(0.015)| 1.0(+0.0-0.0)| 104.586(+0.155-0.155,+0.311-0.311)
 14 : 5694.581( 0.067)|4672.527 |1022.054 |9462.0 |7660.0| 0.953(0.012) |1802.0| 0.947(0.024) | 1.0(0.02,0.009) | 0.974(0.067) |0.426(0.01) |0.949(0.3,+0.006-0.006) |0.952(0.014)| 1.0(+0.0-0.0)| 3741.826(+0.026-0.026,+0.309-0.309)
 15 : 5291.408( 0.067)|4390.39 |901.017 |7664.0 |6299.0| 0.953(0.012) |1365.0| 0.947(0.024) | 1.0(0.02,0.009) | 0.974(0.067) |0.401(0.007) |0.928(0.3,+0.005-0.005) |0.952(0.014)| 1.0(+0.0-0.0)| 2793.313(+0.031-0.031,+0.309-0.309)
 16 : 479.0( 0.07)|410.035 |68.965 |540.0 |455.0| 0.953(0.012) |85.0| 0.947(0.024) | 1.0(0.02,0.009) | 0.974(0.067) |0.406(0.025) |0.932(0.3,+0.007-0.007) |0.952(0.014)| 1.0(+0.0-0.0)| 199.939(+0.116-0.116,+0.309-0.309)
 17 : 1031.744( 0.068)|942.958 |88.785 |1333.0 |1184.0| 0.974(0.006) |149.0| 0.885(0.056) | 1.0(0.02,0.008) | 0.974(0.067) |0.38(0.016) |0.966(0.3,+0.004-0.004) |0.964(0.011)| 1.0(+0.0-0.0)| 485.241(+0.075-0.075,+0.309-0.309)
 18 : 154.783( 0.077)|142.128 |12.655 |180.0 |165.0| 0.974(0.006) |15.0| 0.885(0.056) | 1.0(0.02,0.008) | 0.974(0.067) |0.365(0.043) |0.952(0.3,+0.008-0.008) |0.967(0.01)| 1.0(+0.0-0.0)| 62.175(+0.216-0.216,+0.311-0.311)
 19 : 201.812( 0.075)|195.447 |6.365 |260.0 |248.0| 0.974(0.006) |12.0| 0.885(0.056) | 1.0(0.02,0.008) | 0.974(0.067) |0.474(0.036) |0.969(0.3,+0.005-0.005) |0.97(0.008)| 1.0(+0.0-0.0)| 118.936(+0.136-0.136,+0.31-0.31)
 20 : 25.858( 0.115)|25.02 |0.839 |29.0 |28.0| 0.974(0.006) |1.0| 0.885(0.056) | 1.0(0.02,0.008) | 0.974(0.067) |0.437(0.105) |0.951(0.3,+0.019-0.019) |0.971(0.008)| 1.0(+0.0-0.0)| 12.007(+0.448-0.448,+0.326-0.326)
 21 : 350.572( 0.077)|267.49 |83.082 |665.0 |515.0| 0.939(0.016) |150.0| 0.964(0.015) | 1.0(0.02,0.009) | 0.974(0.067) |0.486(0.044) |0.907(0.3,+0.038-0.038) |0.945(0.015)| 1.0(+0.0-0.0)| 284.965(+0.09-0.09,+0.314-0.314)
 22 : 448.865( 0.071)|341.904 |106.961 |754.0 |573.0| 0.939(0.016) |181.0| 0.964(0.015) | 1.0(0.02,0.009) | 0.974(0.067) |0.405(0.026) |0.871(0.3,+0.025-0.025) |0.945(0.015)| 1.0(+0.0-0.0)| 258.154(+0.106-0.106,+0.311-0.311)
 23 : 63.097( 0.089)|49.893 |13.204 |92.0 |75.0| 0.939(0.016) |17.0| 0.964(0.015) | 1.0(0.02,0.009) | 0.974(0.067) |0.45(0.067) |0.888(0.3,+0.033-0.033) |0.944(0.015)| 1.0(+0.0-0.0)| 35.684(+0.269-0.269,+0.317-0.317)
 24 : 258.061( 0.079)|202.119 |55.942 |457.0 |360.0| 0.953(0.012) |97.0| 0.947(0.024) | 1.0(0.02,0.009) | 0.974(0.067) |0.455(0.047) |0.973(0.3,+0.016-0.016) |0.952(0.014)| 1.0(+0.0-0.0)| 197.808(+0.108-0.108,+0.312-0.312)
 25 : 838.226( 0.069)|684.101 |154.124 |1431.0 |1152.0| 0.953(0.012) |279.0| 0.947(0.024) | 1.0(0.02,0.009) | 0.974(0.067) |0.396(0.019) |0.893(0.3,+0.014-0.014) |0.952(0.014)| 1.0(+0.0-0.0)| 494.828(+0.076-0.076,+0.309-0.309)
 26 : 151.644( 0.077)|125.498 |26.146 |199.0 |165.0| 0.953(0.012) |34.0| 0.947(0.024) | 1.0(0.02,0.009) | 0.974(0.067) |0.397(0.043) |0.888(0.3,+0.016-0.016) |0.952(0.014)| 1.0(+0.0-0.0)| 68.656(+0.205-0.205,+0.312-0.312)
 27 : 108.601( 0.081)|100.676 |7.925 |165.0 |143.0| 0.974(0.006) |22.0| 0.885(0.056) | 1.0(0.02,0.009) | 0.974(0.067) |0.351(0.049) |0.929(0.3,+0.022-0.022) |0.962(0.012)| 1.0(+0.0-0.0)| 53.254(+0.241-0.241,+0.313-0.313)
 28 : 46.84( 0.096)|42.105 |4.736 |68.0 |62.0| 0.974(0.006) |6.0| 0.885(0.056) | 1.0(0.02,0.008) | 0.974(0.067) |0.348(0.078) |0.872(0.3,+0.03-0.03) |0.966(0.01)| 1.0(+0.0-0.0)| 20.481(+0.403-0.403,+0.319-0.319)
 29 : 28.219( 0.111)|26.991 |1.228 |29.0 |28.0| 0.974(0.006) |1.0| 0.885(0.056) | 1.0(0.02,0.008) | 0.974(0.067) |0.374(0.098) |0.943(0.3,+0.019-0.019) |0.971(0.008)| 1.0(+0.0-0.0)| 10.199(+0.528-0.528,+0.324-0.324)
 30 : 7.187( 0.196)|6.98 |0.207 |16.0 |16.0| 0.974(0.006) |0.0| 0.885(0.056) | 1.0(0.02,0.007) | 0.974(0.067) |0.409(0.206) |0.852(0.3,+0.13-0.13) |0.974(0.006)| 1.0(+0.0-0.0)| 5.582(+0.777-0.777,+0.393-0.393)
 31 : 35.024( 0.114)|27.71 |7.314 |66.0 |46.0| 0.939(0.016) |20.0| 0.964(0.015) | 1.0(0.02,0.01) | 0.974(0.067) |0.405(0.026) |0.922(0.3,+0.047-0.047) |0.947(0.015)| 1.0(+0.0-0.0)| 23.956(+0.339-0.339,+0.313-0.313)
 32 : 10.84( 0.156)|8.811 |2.029 |22.0 |15.0| 0.939(0.016) |7.0| 0.964(0.015) | 1.0(0.02,0.01) | 0.974(0.067) |0.45(0.067) |0.762(0.3,+0.126-0.126) |0.947(0.015)| 1.0(+0.0-0.0)| 7.349(+0.638-0.638,+0.34-0.34)
 33 : 56.31( 0.094)|45.009 |11.302 |114.0 |84.0| 0.953(0.012) |30.0| 0.947(0.024) | 1.0(0.02,0.01) | 0.974(0.067) |0.396(0.019) |0.948(0.3,+0.025-0.025) |0.951(0.015)| 1.0(+0.0-0.0)| 41.866(+0.255-0.255,+0.31-0.31)
 34 : 23.142( 0.119)|18.501 |4.642 |39.0 |30.0| 0.953(0.012) |9.0| 0.947(0.024) | 1.0(0.02,0.009) | 0.974(0.067) |0.397(0.043) |0.862(0.3,+0.036-0.036) |0.952(0.015)| 1.0(+0.0-0.0)| 13.053(+0.478-0.478,+0.314-0.314)
 35 : 6.279( 0.197)|5.205 |1.073 |13.0 |12.0| 0.974(0.006) |1.0| 0.885(0.056) | 1.0(0.02,0.008) | 0.974(0.067) |0.351(0.049) |0.81(0.3,+0.176-0.176) |0.967(0.01)| 1.0(+0.0-0.0)| 3.676(+0.981-0.981,+0.358-0.358)
 36 : 7.0( 0.187)|6.232 |0.768 |13.0 |12.0| 0.974(0.006) |1.0| 0.885(0.056) | 1.0(0.02,0.008) | 0.974(0.067) |0.348(0.078) |0.772(0.3,+0.077-0.077) |0.967(0.01)| 1.0(+0.0-0.0)| 3.473(+1.038-1.038,+0.327-0.327)
 37 : 1.258( 0.425)|1.048 |0.21 |5.0 |5.0| 0.974(0.006) |0.0| 0.885(0.056) | 1.0(0.02,0.007) | 0.974(0.067) |0.374(0.098) |0.838(0.3,+0.124-0.124) |0.974(0.006)| 1.0(+0.0-0.0)| 1.568(+1.78-1.78,+0.346-0.346)
 38 : 0.629( 0.597)|0.629 |0.0 |1.0 |1.0| 0.974(0.006) |0.0| 0.885(0.056) | 1.0(0.02,0.007) | 0.974(0.067) |0.409(0.206) |0.898(0.3,+0.114-0.125) |0.974(0.006)| 1.0(+0.0-0.0)| 0.368(+5.293-5.293,+0.388-0.391)
 39 : 0.927( 0.477)|0.518 |0.409 |6.0 |3.0| 0.939(0.016) |3.0| 0.964(0.015) | 1.0(0.02,0.011) | 0.974(0.067) |0.405(0.026) |0.922(0.3,+0.047-0.047) |0.952(0.015)| 1.0(+0.0-0.0)| 2.189(+1.119-1.119,+0.313-0.313)
 40 : 1.23( 0.425)|1.048 |0.181 |4.0 |3.0| 0.939(0.016) |1.0| 0.964(0.015) | 1.0(0.02,0.009) | 0.974(0.067) |0.45(0.067) |0.762(0.3,+0.126-0.126) |0.946(0.015)| 1.0(+0.0-0.0)| 1.334(+1.5-1.5,+0.34-0.34)
 41 : 1.212( 0.404)|0.918 |0.295 |3.0 |3.0| 0.953(0.012) |0.0| 0.947(0.024) | 1.0(0.02,0.007) | 0.974(0.067) |0.396(0.019) |0.948(0.3,+0.025-0.025) |0.953(0.012)| 1.0(+0.0-0.0)| 1.104(+2.18-2.18,+0.31-0.31)
 42 : 3.751( 0.251)|3.751 |0.0 |5.0 |2.0| 0.953(0.012) |3.0| 0.947(0.024) | 1.0(0.02,0.012) | 0.974(0.067) |0.397(0.043) |0.862(0.3,+0.036-0.036) |0.949(0.019)| 1.0(+0.0-0.0)| 1.669(+1.339-1.339,+0.314-0.314)
 43 : 0.21( 1.029)|0.21 |0.0 |0.0 |0.0| 0.974(0.006) |0.0| 0.885(0.056) | 1.0(0.02,0.0) | 0.974(0.067) |0.351(0.049) |0.81(0.3,+0.176-0.176) |1.0(0.0)| 1.0(+0.0-0.0)| 0.0(+0.83-0.83,+0.358-0.358)
 44 : 0.833( 0.518)|0.623 |0.21 |1.0 |1.0| 0.974(0.006) |0.0| 0.885(0.056) | 1.0(0.02,0.007) | 0.974(0.067) |0.348(0.078) |0.772(0.3,+0.077-0.077) |0.974(0.006)| 1.0(+0.0-0.0)| 0.269(+7.235-7.235,+0.327-0.327)
 45 : 0.0( 1.671)|0.0 |0.0 |0.0 |0.0| 0.974(0.006) |0.0| 0.885(0.056) | 1.0(0.02,0.0) | 0.974(0.067) |0.374(0.098) |0.838(0.3,+0.124-0.124) |1.0(0.0)| 1.0(+0.0-0.0)| 0.0(+0.883-0.883,+0.346-0.346)
 46 : 0.21( 1.029)|0.21 |0.0 |1.0 |1.0| 0.974(0.006) |0.0| 0.885(0.056) | 1.0(0.02,0.007) | 0.974(0.067) |0.409(0.206) |0.898(0.3,+0.114-0.125) |0.974(0.006)| 1.0(+0.0-0.0)| 0.368(+5.293-5.293,+0.388-0.391)

binIndex
[1, 2, 3, 4, 5, 6, 7, 8, 9, 10, 11, 12, 13, 14, 15, 16, 17, 18, 19, 20, 21, 22, 23, 24, 25, 26, 27, 28, 29, 30, 31, 32, 33, 34, 35, 36, 37, 38, 39, 40, 41, 42, 43, 44, 45, 46]
------------------------------------------------------
nMCGJ
[39504.34887925078, 2996.711398184168, 220.8684912165884, 36470.03955001766, 8335.586697274846, 502.86221382521035, 3523.6505571750895, 150.30047639772866, 603.525360955779, 23.279697544479998, 6657.9627182800905, 2330.1333646915346, 212.46900042508503, 5694.580777106829, 5291.407618589826, 478.99983436661006, 1031.7436754388498, 154.78263986018095, 201.81195501435928, 25.858145489789187, 350.5720698754911, 448.86509068162434, 63.09702340088001, 258.0610501972304, 838.2255994206953, 151.6438438229757, 108.6014710226913, 46.840125720635356, 28.218650716377148, 7.186787827004039, 35.02443087605693, 10.84007127959908, 56.310294823549896, 23.142369540967305, 6.27855918730368, 7.0000234798461145, 1.2578783055444396, 0.6289391527722198, 0.9270994497260462, 1.2296829148749788, 1.2124863622992625, 3.7509460732683846, 0.2096463842574066, 0.8328065818446924, 0.0, 0.2096463842574066]
------------------------------------------------------
nMCerr
[0.0669212490825009, 0.0673536304845867, 0.07385131300575377, 0.0668888996496457, 0.06699891794314036, 0.06998924380384497, 0.06726943051070598, 0.07717512719992535, 0.06952190580703127, 0.1207936330677056, 0.06740741283295659, 0.06753956314197032, 0.07410670571262311, 0.06737765154780617, 0.06712316766201859, 0.07014353470557291, 0.06838627976663118, 0.07676847714097015, 0.07455693850112627, 0.11451192294954123, 0.07730700876792256, 0.07095678678670868, 0.08866189977681792, 0.07935622435384136, 0.06893985120029301, 0.07687521338307025, 0.08055803215791307, 0.09562168170454917, 0.11057000124133147, 0.1960748564513133, 0.11405004235103243, 0.15551482514276216, 0.09418787302046153, 0.11874129865850838, 0.19707494255462263, 0.18667362136616533, 0.4246330653103254, 0.5967961498515566, 0.47653542614361544, 0.42517702458565737, 0.4038910973229506, 0.2511824974653179, 1.0293567223119668, 0.5179360043013156, 1.6713350459533973, 1.0293567223119668]
------------------------------------------------------
nMCEBt
[31558.26846705478, 2405.2710993987894, 182.40981524941668, 30308.40051970872, 7051.497419899662, 437.2198713239385, 3228.003874510765, 140.80453407557823, 583.862556171069, 23.070051160222594, 5290.777650720764, 1816.6069111396132, 174.7059011472553, 4672.526750719867, 4390.390264079133, 410.03467391173325, 942.9582095294166, 142.12784302352176, 195.44665181848384, 25.01955995275956, 267.48965843362674, 341.90377931508107, 49.89340305795408, 202.11905426427916, 684.1013875631184, 125.49807274152062, 100.67598601839654, 42.10451380685913, 26.990535778824658, 6.980053195464266, 27.710207942890907, 8.811392383715692, 45.0087875841238, 18.50075968899763, 5.205090789531386, 6.232396104757151, 1.048231921287033, 0.6289391527722198, 0.5181260627070114, 1.048231921287033, 0.9178237967464875, 3.7509460732683846, 0.2096463842574066, 0.6231601975872858, 0.0, 0.2096463842574066]
------------------------------------------------------
nMCECt
[7946.080412196001, 591.4402987853784, 38.45867596717174, 6161.639030308942, 1284.0892773751843, 65.64234250127184, 295.64668266432443, 9.495942322150416, 19.66280478471005, 0.2096463842574066, 1367.1850675593264, 513.5264535519212, 37.76309927782972, 1022.0540263869627, 901.0173545106929, 68.96516045487684, 88.7854659094331, 12.6547968366592, 6.3653031958754305, 0.8385855370296263, 83.08241144186431, 106.96131136654327, 13.203620342925928, 55.94199593295121, 154.12421185757697, 26.145771081455088, 7.925485004294758, 4.735611913776229, 1.2281149375524896, 0.2067346315397737, 7.314222933166023, 2.028678895883388, 11.30150723942609, 4.641609851969677, 1.0734683977722932, 0.767627375088963, 0.2096463842574066, 0.0, 0.4089733870190348, 0.18145099358794592, 0.2946625655527751, 0.0, 0.0, 0.2096463842574066, 0.0, 0.0]
------------------------------------------------------
Nobs
[69843.0, 3819.0, 250.0, 60349.0, 11145.0, 549.0, 4648.0, 202.0, 695.0, 45.0, 11467.0, 3337.0, 262.0, 9462.0, 7664.0, 540.0, 1333.0, 180.0, 260.0, 29.0, 665.0, 754.0, 92.0, 457.0, 1431.0, 199.0, 165.0, 68.0, 29.0, 16.0, 66.0, 22.0, 114.0, 39.0, 13.0, 13.0, 5.0, 1.0, 6.0, 4.0, 3.0, 5.0, 0.0, 1.0, 0.0, 1.0]
------------------------------------------------------
nEB
[55117.0, 3054.0, 210.0, 49131.0, 9336.0, 485.0, 4208.0, 196.0, 673.0, 45.0, 8995.0, 2601.0, 215.0, 7660.0, 6299.0, 455.0, 1184.0, 165.0, 248.0, 28.0, 515.0, 573.0, 75.0, 360.0, 1152.0, 165.0, 143.0, 62.0, 28.0, 16.0, 46.0, 15.0, 84.0, 30.0, 12.0, 12.0, 5.0, 1.0, 3.0, 3.0, 3.0, 2.0, 0.0, 1.0, 0.0, 1.0]
------------------------------------------------------
pEB
[0.9394312251323332, 0.9394312251323332, 0.9394312251323332, 0.9529458327956667, 0.9529458327956667, 0.9529458327956667, 0.9742914092513333, 0.9742914092513333, 0.9742914092513333, 0.9742914092513333, 0.9394312251323332, 0.9394312251323332, 0.9394312251323332, 0.9529458327956667, 0.9529458327956667, 0.9529458327956667, 0.9742914092513333, 0.9742914092513333, 0.9742914092513333, 0.9742914092513333, 0.9394312251323332, 0.9394312251323332, 0.9394312251323332, 0.9529458327956667, 0.9529458327956667, 0.9529458327956667, 0.9742914092513333, 0.9742914092513333, 0.9742914092513333, 0.9742914092513333, 0.9394312251323332, 0.9394312251323332, 0.9529458327956667, 0.9529458327956667, 0.9742914092513333, 0.9742914092513333, 0.9742914092513333, 0.9742914092513333, 0.9394312251323332, 0.9394312251323332, 0.9529458327956667, 0.9529458327956667, 0.9742914092513333, 0.9742914092513333, 0.9742914092513333, 0.9742914092513333]
------------------------------------------------------
pEBerr
[0.015525813581807048, 0.015525813581807048, 0.015525813581807048, 0.011582672615593903, 0.011582672615593903, 0.011582672615593903, 0.006018627194751928, 0.006018627194751928, 0.006018627194751928, 0.006018627194751928, 0.015525813581807048, 0.015525813581807048, 0.015525813581807048, 0.011582672615593903, 0.011582672615593903, 0.011582672615593903, 0.006018627194751928, 0.006018627194751928, 0.006018627194751928, 0.006018627194751928, 0.015525813581807048, 0.015525813581807048, 0.015525813581807048, 0.011582672615593903, 0.011582672615593903, 0.011582672615593903, 0.006018627194751928, 0.006018627194751928, 0.006018627194751928, 0.006018627194751928, 0.015525813581807048, 0.015525813581807048, 0.011582672615593903, 0.011582672615593903, 0.006018627194751928, 0.006018627194751928, 0.006018627194751928, 0.006018627194751928, 0.015525813581807048, 0.015525813581807048, 0.011582672615593903, 0.011582672615593903, 0.006018627194751928, 0.006018627194751928, 0.006018627194751928, 0.006018627194751928]
------------------------------------------------------
nEC
[14726.0, 765.0, 40.0, 11218.0, 1809.0, 64.0, 440.0, 6.0, 22.0, 0.0, 2472.0, 736.0, 47.0, 1802.0, 1365.0, 85.0, 149.0, 15.0, 12.0, 1.0, 150.0, 181.0, 17.0, 97.0, 279.0, 34.0, 22.0, 6.0, 1.0, 0.0, 20.0, 7.0, 30.0, 9.0, 1.0, 1.0, 0.0, 0.0, 3.0, 1.0, 0.0, 3.0, 0.0, 0.0, 0.0, 0.0]
------------------------------------------------------
pEC
[0.9644865701173333, 0.9644865701173333, 0.9644865701173333, 0.9468864281673334, 0.9468864281673334, 0.9468864281673334, 0.8846943180493333, 0.8846943180493333, 0.8846943180493333, 0.8846943180493333, 0.9644865701173333, 0.9644865701173333, 0.9644865701173333, 0.9468864281673334, 0.9468864281673334, 0.9468864281673334, 0.8846943180493333, 0.8846943180493333, 0.8846943180493333, 0.8846943180493333, 0.9644865701173333, 0.9644865701173333, 0.9644865701173333, 0.9468864281673334, 0.9468864281673334, 0.9468864281673334, 0.8846943180493333, 0.8846943180493333, 0.8846943180493333, 0.8846943180493333, 0.9644865701173333, 0.9644865701173333, 0.9468864281673334, 0.9468864281673334, 0.8846943180493333, 0.8846943180493333, 0.8846943180493333, 0.8846943180493333, 0.9644865701173333, 0.9644865701173333, 0.9468864281673334, 0.9468864281673334, 0.8846943180493333, 0.8846943180493333, 0.8846943180493333, 0.8846943180493333]
------------------------------------------------------
pECerr
[0.014999650318517965, 0.014999650318517965, 0.014999650318517965, 0.024477622567885625, 0.024477622567885625, 0.024477622567885625, 0.05595521178827425, 0.05595521178827425, 0.05595521178827425, 0.05595521178827425, 0.014999650318517965, 0.014999650318517965, 0.014999650318517965, 0.024477622567885625, 0.024477622567885625, 0.024477622567885625, 0.05595521178827425, 0.05595521178827425, 0.05595521178827425, 0.05595521178827425, 0.014999650318517965, 0.014999650318517965, 0.014999650318517965, 0.024477622567885625, 0.024477622567885625, 0.024477622567885625, 0.05595521178827425, 0.05595521178827425, 0.05595521178827425, 0.05595521178827425, 0.014999650318517965, 0.014999650318517965, 0.024477622567885625, 0.024477622567885625, 0.05595521178827425, 0.05595521178827425, 0.05595521178827425, 0.05595521178827425, 0.014999650318517965, 0.014999650318517965, 0.024477622567885625, 0.024477622567885625, 0.05595521178827425, 0.05595521178827425, 0.05595521178827425, 0.05595521178827425]
------------------------------------------------------
trigW
[1.0, 1.0, 1.0, 1.0, 1.0, 1.0, 1.0, 1.0, 1.0, 1.0, 1.0, 1.0, 1.0, 1.0, 1.0, 1.0, 1.0, 1.0, 1.0, 1.0, 1.0, 1.0, 1.0, 1.0, 1.0, 1.0, 1.0, 1.0, 1.0, 1.0, 1.0, 1.0, 1.0, 1.0, 1.0, 1.0, 1.0, 1.0, 1.0, 1.0, 1.0, 1.0, 1.0, 1.0, 1.0, 1.0]
------------------------------------------------------
trigWsysErr
[0.02, 0.02, 0.02, 0.02, 0.02, 0.02, 0.02, 0.02, 0.02, 0.02, 0.02, 0.02, 0.02, 0.02, 0.02, 0.02, 0.02, 0.02, 0.02, 0.02, 0.02, 0.02, 0.02, 0.02, 0.02, 0.02, 0.02, 0.02, 0.02, 0.02, 0.02, 0.02, 0.02, 0.02, 0.02, 0.02, 0.02, 0.02, 0.02, 0.02, 0.02, 0.02, 0.02, 0.02, 0.02, 0.02]
------------------------------------------------------
trigWerr
[0.00910738331787008, 0.009025763534956793, 0.008713284399999998, 0.008913924721370692, 0.008731227703903095, 0.00837669790528233, 0.008206862065404476, 0.0077033403960396025, 0.007718468244604318, 0.00747311, 0.009144052223772564, 0.009182670155828588, 0.008863572709923663, 0.008949274043542592, 0.008853621201722338, 0.008693188981481482, 0.008339510907726931, 0.008119034166666667, 0.007830852615384614, 0.007740388965517242, 0.009221476165413533, 0.009333782798408487, 0.008905376630434782, 0.00911830853391685, 0.008984328805031448, 0.008797416834170855, 0.008506588666666667, 0.008157029705882352, 0.007740388965517242, 0.00747311, 0.009821925151515152, 0.009939365909090909, 0.00951287052631579, 0.009261823076923078, 0.008069347692307691, 0.008069347692307691, 0.00747311, 0.00747311, 0.011348655, 0.0094108825, 0.007473110000000001, 0.012123764, 0.0, 0.00747311, 0.0, 0.00747311]
------------------------------------------------------
SF
[0.9735319735212031, 0.9735319735212031, 0.9735319735212031, 0.9735319735212031, 0.9735319735212031, 0.9735319735212031, 0.9735319735212031, 0.9735319735212031, 0.9735319735212031, 0.9735319735212031, 0.9735319735212031, 0.9735319735212031, 0.9735319735212031, 0.9735319735212031, 0.9735319735212031, 0.9735319735212031, 0.9735319735212031, 0.9735319735212031, 0.9735319735212031, 0.9735319735212031, 0.9735319735212031, 0.9735319735212031, 0.9735319735212031, 0.9735319735212031, 0.9735319735212031, 0.9735319735212031, 0.9735319735212031, 0.9735319735212031, 0.9735319735212031, 0.9735319735212031, 0.9735319735212031, 0.9735319735212031, 0.9735319735212031, 0.9735319735212031, 0.9735319735212031, 0.9735319735212031, 0.9735319735212031, 0.9735319735212031, 0.9735319735212031, 0.9735319735212031, 0.9735319735212031, 0.9735319735212031, 0.9735319735212031, 0.9735319735212031, 0.9735319735212031, 0.9735319735212031]
------------------------------------------------------
SFerr
[0.06678948893384838, 0.06678948893384838, 0.06678948893384838, 0.06678948893384838, 0.06678948893384838, 0.06678948893384838, 0.06678948893384838, 0.06678948893384838, 0.06678948893384838, 0.06678948893384838, 0.06678948893384838, 0.06678948893384838, 0.06678948893384838, 0.06678948893384838, 0.06678948893384838, 0.06678948893384838, 0.06678948893384838, 0.06678948893384838, 0.06678948893384838, 0.06678948893384838, 0.06678948893384838, 0.06678948893384838, 0.06678948893384838, 0.06678948893384838, 0.06678948893384838, 0.06678948893384838, 0.06678948893384838, 0.06678948893384838, 0.06678948893384838, 0.06678948893384838, 0.06678948893384838, 0.06678948893384838, 0.06678948893384838, 0.06678948893384838, 0.06678948893384838, 0.06678948893384838, 0.06678948893384838, 0.06678948893384838, 0.06678948893384838, 0.06678948893384838, 0.06678948893384838, 0.06678948893384838, 0.06678948893384838, 0.06678948893384838, 0.06678948893384838, 0.06678948893384838]
------------------------------------------------------
ZgR
[0.432649156951287, 0.4067082862892758, 0.46858134862920364, 0.4345979984893083, 0.4132301791465228, 0.4189447768606975, 0.4178469252745477, 0.40195310964031994, 0.5244531955342967, 0.5977207457631978, 0.44192201687661953, 0.39592602009027456, 0.43582675602968246, 0.4261360453811246, 0.40149519992189603, 0.40614643902752395, 0.38042227289372144, 0.36532463995185943, 0.47377276518874256, 0.43658798072083804, 0.48648189879719395, 0.4047302935687731, 0.4502085543986267, 0.4550976637527473, 0.3962968073806224, 0.3971289975768357, 0.3513610612739297, 0.348071855699818, 0.3739168790972351, 0.40938923485008666, 0.4047302935687731, 0.4502085543986267, 0.3962968073806224, 0.3971289975768357, 0.3513610612739297, 0.348071855699818, 0.3739168790972351, 0.40938923485008666, 0.4047302935687731, 0.4502085543986267, 0.3962968073806224, 0.3971289975768357, 0.3513610612739297, 0.348071855699818, 0.3739168790972351, 0.40938923485008666]
------------------------------------------------------
REr1
[0.00468507645439276, 0.009466827851111888, 0.036020228262893465, 0.003991834241278517, 0.0056846126185834175, 0.02390491507055275, 0.00850470351277084, 0.04332495184902914, 0.020527453533157873, 0.10871403091464253, 0.010184379158926386, 0.010994654131741092, 0.036967198137399813, 0.00960224630456047, 0.007239199135519727, 0.02451696062820167, 0.0158364739284432, 0.04290281717900114, 0.03642356214347987, 0.10463226078568812, 0.044115425680733636, 0.02642916546754147, 0.06655016361968809, 0.04742022624224688, 0.018698341881461873, 0.04345949828413134, 0.048832253481859024, 0.07770862954005338, 0.09831513231814078, 0.20625682628614447, 0.02642916546754147, 0.06655016361968809, 0.018698341881461873, 0.04345949828413134, 0.048832253481859024, 0.07770862954005338, 0.09831513231814078, 0.20625682628614447, 0.02642916546754147, 0.06655016361968809, 0.018698341881461873, 0.04345949828413134, 0.048832253481859024, 0.07770862954005338, 0.09831513231814078, 0.20625682628614447]
------------------------------------------------------
f
[0.969432907698, 0.973145158757, 0.979263771362, 0.976889210827, 0.968630268912, 0.977559820541, 0.985131528509, 0.983965826053, 0.989420643321, 0.990962172524, 0.924415581298, 0.900613686123, 0.944646618266, 0.949206308714, 0.928448449434, 0.932263077866, 0.966073435266, 0.95206802902, 0.968901223366, 0.950653869399, 0.907367595812, 0.871073319118, 0.888424582686, 0.972950074516, 0.892513261282, 0.888482999934, 0.929254115212, 0.871710694575, 0.942829884842, 0.851514476336, 0.921928773995, 0.762406001333, 0.948291436198, 0.86223639719, 0.809934607131, 0.772346396222, 0.837954268482, 0.897608048896, 0.921928773995, 0.762406001333, 0.948291436198, 0.86223639719, 0.809934607131, 0.772346396222, 0.837954268482, 0.897608048896]
------------------------------------------------------
fsysErr
[0.3, 0.3, 0.3, 0.3, 0.3, 0.3, 0.3, 0.3, 0.3, 0.3, 0.3, 0.3, 0.3, 0.3, 0.3, 0.3, 0.3, 0.3, 0.3, 0.3, 0.3, 0.3, 0.3, 0.3, 0.3, 0.3, 0.3, 0.3, 0.3, 0.3, 0.3, 0.3, 0.3, 0.3, 0.3, 0.3, 0.3, 0.3, 0.3, 0.3, 0.3, 0.3, 0.3, 0.3, 0.3, 0.3]
------------------------------------------------------
ferrUp
[0.002250200779804311, 0.003972962859578311, 0.0049004880203068635, 0.00167757407817274, 0.002384757431114161, 0.003165890683484979, 0.0020279042173623305, 0.004365766789860662, 0.0015852519632553635, 0.005836579925849714, 0.007787383961985988, 0.009812669869390639, 0.008344398899282767, 0.006063123069459132, 0.004721424548926035, 0.0072158929819024, 0.004291138046921409, 0.007853669233296907, 0.004964086894906463, 0.01885866658054425, 0.038399414046210986, 0.02546383174134997, 0.032584517665053776, 0.01571095890845592, 0.013587914068503917, 0.016126979345428533, 0.02199867618766077, 0.029982614856116467, 0.018523126276620575, 0.13040434315902827, 0.04748179544294971, 0.12551371208357517, 0.02476476642851025, 0.03636481466368751, 0.17565094320631955, 0.07720069804942994, 0.1237737145726204, 0.1140720064062878, 0.04748179544294971, 0.12551371208357517, 0.02476476642851025, 0.03636481466368751, 0.17565094320631955, 0.07720069804942994, 0.1237737145726204, 0.1140720064062878]
------------------------------------------------------
ferrDn
[0.002250200779804311, 0.003972962859578311, 0.0049004880203068635, 0.00167757407817274, 0.002384757431114161, 0.003165890683484979, 0.0020279042173623305, 0.004365766789860662, 0.0015852519632553635, 0.005836579925849714, 0.007787383961985988, 0.009812669869390639, 0.008344398899282767, 0.006063123069459132, 0.004721424548926035, 0.0072158929819024, 0.004291138046921409, 0.007853669233296907, 0.004964086894906463, 0.01885866658054425, 0.038399414046210986, 0.02546383174134997, 0.032584517665053776, 0.01571095890845592, 0.013587914068503917, 0.016126979345428533, 0.02199867618766077, 0.029982614856116467, 0.018523126276620575, 0.13040434315902827, 0.04748179544294971, 0.12551371208357517, 0.02476476642851025, 0.03636481466368751, 0.17565094320631955, 0.07720069804942994, 0.1237737145726204, 0.1254040169854159, 0.04748179544294971, 0.12551371208357517, 0.02476476642851025, 0.03636481466368751, 0.17565094320631955, 0.07720069804942994, 0.1237737145726204, 0.1254040169854159]
------------------------------------------------------
purity
[0.9447140023648278, 0.9444501669792892, 0.9434400803299332, 0.951819477742217, 0.9519623009004083, 0.9522394541140394, 0.9658097569000251, 0.97163010951266, 0.9714552423355866, 0.9742914092513333, 0.9448325343503431, 0.9449573665494625, 0.9439258862555966, 0.9517918434551196, 0.951866619941064, 0.9519920376226882, 0.9642764305648381, 0.9668249849844999, 0.9701561588881641, 0.9712018543822988, 0.9450828067078971, 0.9454458371247537, 0.944061017140431, 0.9516597009598936, 0.951764439440457, 0.9519105576330369, 0.9623451304244, 0.9663857835570392, 0.9712018543822988, 0.9742914092513333, 0.9470237539156666, 0.9474033803548333, 0.9513512526303157, 0.9515475086506666, 0.967399325312718, 0.967399325312718, 0.9742914092513333, 0.9742914092513333, 0.9519588976248333, 0.9456950613785833, 0.9529458327956667, 0.9493101900186668, 1.0, 0.9742914092513333, 1.0, 0.9742914092513333]
------------------------------------------------------
pErr
[0.015412553136382453, 0.015418179592732551, 0.015439749415280826, 0.013967232988256204, 0.013664555509303277, 0.013077458577630185, 0.010348818086572554, 0.007369178198203936, 0.007458178519555943, 0.006018627194751928, 0.015410026389846157, 0.015407366026971757, 0.015429369545611053, 0.01402580734289609, 0.013867317005596451, 0.013601547487539611, 0.011139767104468908, 0.009826504640584531, 0.008120363985248518, 0.007587199607814491, 0.015404693415501079, 0.015396962733491861, 0.015426484199137277, 0.01430594704283643, 0.01408389696507824, 0.013774201755799707, 0.012139593052838763, 0.010052329829294732, 0.007587199607814491, 0.006018627194751928, 0.015363430082966551, 0.01535537922878869, 0.014960154760059867, 0.014543853782398149, 0.00953150417379914, 0.00953150417379914, 0.006018627194751928, 0.006018627194751928, 0.015259269825349914, 0.015391658973768898, 0.011582672615593903, 0.01929988869318511, 0.0, 0.006018627194751928, 0.0, 0.006018627194751928]
------------------------------------------------------
DR
[1.0, 1.0, 1.0, 1.0, 1.0, 1.0, 1.0, 1.0, 1.0, 1.0, 1.0, 1.0, 1.0, 1.0, 1.0, 1.0, 1.0, 1.0, 1.0, 1.0, 1.0, 1.0, 1.0, 1.0, 1.0, 1.0, 1.0, 1.0, 1.0, 1.0, 1.0, 1.0, 1.0, 1.0, 1.0, 1.0, 1.0, 1.0, 1.0, 1.0, 1.0, 1.0, 1.0, 1.0, 1.0, 1.0]
------------------------------------------------------
DRup
[0.0, 0.0, 0.0, 0.0, 0.0, 0.0, 0.0, 0.0, 0.0, 0.0, 0.0, 0.0, 0.0, 0.0, 0.0, 0.0, 0.0, 0.0, 0.0, 0.0, 0.0, 0.0, 0.0, 0.0, 0.0, 0.0, 0.0, 0.0, 0.0, 0.0, 0.0, 0.0, 0.0, 0.0, 0.0, 0.0, 0.0, 0.0, 0.0, 0.0, 0.0, 0.0, 0.0, 0.0, 0.0, 0.0]
------------------------------------------------------
DRlow
[0.0, 0.0, 0.0, 0.0, 0.0, 0.0, 0.0, 0.0, 0.0, 0.0, 0.0, 0.0, 0.0, 0.0, 0.0, 0.0, 0.0, 0.0, 0.0, 0.0, 0.0, 0.0, 0.0, 0.0, 0.0, 0.0, 0.0, 0.0, 0.0, 0.0, 0.0, 0.0, 0.0, 0.0, 0.0, 0.0, 0.0, 0.0, 0.0, 0.0, 0.0, 0.0, 0.0, 0.0, 0.0, 0.0]
------------------------------------------------------
Yield
[28426.71256236124, 1466.355031881185, 111.17030505051785, 25049.985647365407, 4362.140715595747, 219.9218700678942, 1898.099250433085, 79.73656499842721, 359.8695364744214, 26.67513179183117, 4546.396705407076, 1154.9702264009866, 104.58568157605494, 3741.826015322587, 2793.312510598058, 199.93921861299899, 485.2410766647859, 62.17518656528356, 118.93628510216905, 12.007469079107514, 284.9648142393128, 258.1536107644239, 35.68387277727588, 197.8075305906964, 494.82785591991785, 68.65619371074571, 53.25405727202367, 20.480969385836797, 10.199190214227606, 5.581964760498484, 23.956185662359076, 7.348647916159564, 41.86565866917963, 13.052773897090269, 3.6762285132676666, 3.4728013850117923, 1.567848322950149, 0.3677577302646619, 2.189184225378039, 1.3337085700341522, 1.1035744893253572, 1.6694979057215573, 0.0, 0.2690417546795355, 0.0, 0.3677577302646619]
------------------------------------------------------
YstatUp
[0.009296828181009116, 0.04214399437947906, 0.1422267240667992, 0.00980680540367567, 0.024201393066313717, 0.10654124130758996, 0.03591816506996756, 0.17824533078183438, 0.07325669438763939, 0.25915341924761787, 0.023553615325313637, 0.050015810915015786, 0.15476701793512576, 0.025996081013956868, 0.03134066603031596, 0.11622482191562239, 0.07524151248283414, 0.21578395829840566, 0.13557271847481836, 0.4484845866898347, 0.0904939579480816, 0.10636713681510161, 0.2687954613696969, 0.10807252010372861, 0.07644792059741598, 0.2054692405334724, 0.2412066467170982, 0.40262797604384015, 0.5279992522957694, 0.7765395631597969, 0.3391206980584049, 0.6382692181386561, 0.25503189467054743, 0.478442210646929, 0.980774525427731, 1.0382255924640926, 1.7800574466489842, 5.292913069337445, 1.1189052590401285, 1.4995779774803322, 2.180200179796854, 1.33936554807079, 0.8298222954994704, 7.234972501522136, 0.8830931971046163, 5.292913069337445]
------------------------------------------------------
YstatLow
[0.009296828181009116, 0.04214399437947906, 0.1422267240667992, 0.00980680540367567, 0.024201393066313717, 0.10654124130758996, 0.03591816506996756, 0.17824533078183438, 0.07325669438763939, 0.25915341924761787, 0.023553615325313637, 0.050015810915015786, 0.15476701793512576, 0.025996081013956868, 0.03134066603031596, 0.11622482191562239, 0.07524151248283414, 0.21578395829840566, 0.13557271847481836, 0.4484845866898347, 0.0904939579480816, 0.10636713681510161, 0.2687954613696969, 0.10807252010372861, 0.07644792059741598, 0.2054692405334724, 0.2412066467170982, 0.40262797604384015, 0.5279992522957694, 0.7765395631597969, 0.3391206980584049, 0.6382692181386561, 0.25503189467054743, 0.478442210646929, 0.980774525427731, 1.0382255924640926, 1.7800574466489842, 5.292913069337445, 1.1189052590401285, 1.4995779774803322, 2.180200179796854, 1.33936554807079, 0.8298222954994704, 7.234972501522136, 0.8830931971046163, 5.292913069337445]
------------------------------------------------------
YsysUp
[0.3085584878139929, 0.30868337461682893, 0.3106390423723887, 0.3084706249851495, 0.3084830499965233, 0.30932748447404534, 0.3084018949846922, 0.31124041100892236, 0.30886878182046845, 0.32681143379840133, 0.3087819349707422, 0.30886844303127947, 0.31082739089231487, 0.30865290085307795, 0.3085550563112795, 0.3094746515156601, 0.3087453407868539, 0.31132883994839994, 0.3103859153278408, 0.3260090096202731, 0.3140125185657798, 0.31069587913110713, 0.31728345851776174, 0.3124806419444985, 0.30931241415063443, 0.31189223533606053, 0.31296820659038693, 0.31932117154875234, 0.32401741697177966, 0.39306497959344655, 0.31328319890386336, 0.3396734177070458, 0.3100613784616116, 0.3136387549685616, 0.3581265734421636, 0.32713205079959934, 0.34632167812636877, 0.38795258487812023, 0.31332969026849866, 0.3396600063390509, 0.30986087709714416, 0.31399273068938144, 0.35790875745283307, 0.3270343803986649, 0.34618872525529004, 0.38795258487812023]
------------------------------------------------------
YsysLow
[0.3085584878139929, 0.30868337461682893, 0.3106390423723887, 0.3084706249851495, 0.3084830499965233, 0.30932748447404534, 0.3084018949846922, 0.31124041100892236, 0.30886878182046845, 0.32681143379840133, 0.3087819349707422, 0.30886844303127947, 0.31082739089231487, 0.30865290085307795, 0.3085550563112795, 0.3094746515156601, 0.3087453407868539, 0.31132883994839994, 0.3103859153278408, 0.3260090096202731, 0.3140125185657798, 0.31069587913110713, 0.31728345851776174, 0.3124806419444985, 0.30931241415063443, 0.31189223533606053, 0.31296820659038693, 0.31932117154875234, 0.32401741697177966, 0.39306497959344655, 0.31328319890386336, 0.3396734177070458, 0.3100613784616116, 0.3136387549685616, 0.3581265734421636, 0.32713205079959934, 0.34632167812636877, 0.3914344810362743, 0.31332969026849866, 0.3396600063390509, 0.30986087709714416, 0.31399273068938144, 0.35790875745283307, 0.3270343803986649, 0.34618872525529004, 0.3914344810362743]
------------------------------------------------------