 binIndex : nMCGJ( nMCerr)|nMCEBt |nMCECt |Nobs |nEB| pEB(pEBerr) |nEC| pEC(pECerr) | trigW(trigWsysErr,trigWerr) | SF(SFerr) |ZgR(REr1) |f(fsysErr,+ferrUp-ferrDn) |purity(pErr)| DR(+DRup-DRlow)| Yield(+YstatUp-YstatLow,+YsysUp-YsysLow)
 1 : 60566.521( 244.366)|47959.005 |12607.516 |37229.0 |28929.0| 0.929(0.018) |8300.0| 0.944(0.024) | 1.0(0.02,0.007) | 1.0(0.045) |0.416(0.005) |0.969(0.3,+0.002-0.002) |0.932(0.019)| 1.0(+0.0-0.0)| 13980.576(+0.014-0.014,+0.305-0.305)
 2 : 4608.984( 38.622)|3666.411 |942.573 |2201.0 |1739.0| 0.929(0.018) |462.0| 0.944(0.024) | 1.0(0.02,0.007) | 1.0(0.045) |0.409(0.009) |0.973(0.3,+0.004-0.004) |0.932(0.019)| 1.0(+0.0-0.0)| 816.33(+0.057-0.057,+0.305-0.305)
 3 : 334.73( 10.206)|276.018 |58.711 |114.0 |94.0| 0.929(0.018) |20.0| 0.944(0.024) | 1.0(0.02,0.007) | 1.0(0.042) |0.465(0.036) |0.979(0.3,+0.005-0.005) |0.931(0.019)| 1.0(+0.0-0.0)| 48.351(+0.221-0.221,+0.306-0.306)
 4 : 55892.202( 196.288)|46193.398 |9698.804 |32148.0 |25953.0| 0.946(0.013) |6195.0| 0.935(0.021) | 1.0(0.02,0.007) | 1.0(0.043) |0.428(0.004) |0.977(0.3,+0.002-0.002) |0.944(0.014)| 1.0(+0.0-0.0)| 12685.66(+0.014-0.014,+0.304-0.304)
 5 : 12847.106( 65.558)|10830.552 |2016.554 |6078.0 |5057.0| 0.946(0.013) |1021.0| 0.935(0.021) | 1.0(0.02,0.007) | 1.0(0.043) |0.421(0.006) |0.969(0.3,+0.002-0.002) |0.944(0.014)| 1.0(+0.0-0.0)| 2336.934(+0.033-0.033,+0.304-0.304)
 6 : 764.991( 15.495)|664.887 |100.104 |292.0 |252.0| 0.946(0.013) |40.0| 0.935(0.021) | 1.0(0.02,0.007) | 1.0(0.042) |0.423(0.024) |0.978(0.3,+0.003-0.003) |0.944(0.014)| 1.0(+0.0-0.0)| 113.891(+0.15-0.15,+0.305-0.305)
 7 : 5386.027( 41.742)|4934.399 |451.628 |2624.0 |2334.0| 0.969(0.007) |290.0| 0.928(0.023) | 1.0(0.02,0.006) | 1.0(0.041) |0.429(0.008) |0.985(0.3,+0.002-0.002) |0.965(0.009)| 1.0(+0.0-0.0)| 1070.502(+0.048-0.048,+0.304-0.304)
 8 : 228.029( 8.571)|213.799 |14.23 |83.0 |79.0| 0.969(0.007) |4.0| 0.928(0.023) | 1.0(0.02,0.006) | 1.0(0.04) |0.411(0.043) |0.984(0.3,+0.004-0.004) |0.967(0.008)| 1.0(+0.0-0.0)| 32.469(+0.281-0.281,+0.307-0.307)
 9 : 920.605( 17.181)|891.128 |29.477 |404.0 |384.0| 0.969(0.007) |20.0| 0.928(0.023) | 1.0(0.02,0.006) | 1.0(0.039) |0.537(0.02) |0.989(0.3,+0.002-0.002) |0.967(0.008)| 1.0(+0.0-0.0)| 207.527(+0.097-0.097,+0.304-0.304)
 10 : 35.008( 3.424)|34.7 |0.307 |18.0 |18.0| 0.969(0.007) |0.0| 0.928(0.023) | 1.0(0.02,0.006) | 1.0(0.037) |0.604(0.108) |0.991(0.3,+0.006-0.006) |0.969(0.007)| 1.0(+0.0-0.0)| 10.44(+0.437-0.437,+0.322-0.322)
 11 : 10250.262( 89.546)|8077.724 |2172.539 |6507.0 |4936.0| 0.929(0.018) |1571.0| 0.944(0.024) | 1.0(0.02,0.007) | 1.0(0.045) |0.426(0.01) |0.924(0.3,+0.008-0.008) |0.932(0.02)| 1.0(+0.0-0.0)| 2389.119(+0.034-0.034,+0.305-0.305)
 12 : 3580.798( 34.649)|2767.298 |813.501 |1752.0 |1343.0| 0.929(0.018) |409.0| 0.944(0.024) | 1.0(0.02,0.007) | 1.0(0.045) |0.397(0.011) |0.901(0.3,+0.01-0.01) |0.932(0.019)| 1.0(+0.0-0.0)| 584.641(+0.072-0.072,+0.305-0.305)
 13 : 321.061( 9.998)|263.527 |57.534 |149.0 |117.0| 0.929(0.018) |32.0| 0.944(0.024) | 1.0(0.02,0.007) | 1.0(0.044) |0.436(0.037) |0.945(0.3,+0.008-0.008) |0.932(0.019)| 1.0(+0.0-0.0)| 57.134(+0.214-0.214,+0.307-0.307)
 14 : 8794.853( 74.066)|7186.155 |1608.699 |5216.0 |4155.0| 0.946(0.013) |1061.0| 0.935(0.021) | 1.0(0.02,0.007) | 1.0(0.044) |0.418(0.01) |0.949(0.3,+0.006-0.006) |0.943(0.014)| 1.0(+0.0-0.0)| 1951.898(+0.037-0.037,+0.304-0.304)
 15 : 8150.596( 52.523)|6737.942 |1412.654 |4077.0 |3296.0| 0.946(0.013) |781.0| 0.935(0.021) | 1.0(0.02,0.007) | 1.0(0.044) |0.408(0.007) |0.928(0.3,+0.005-0.005) |0.944(0.014)| 1.0(+0.0-0.0)| 1457.218(+0.044-0.044,+0.304-0.304)
 16 : 729.56( 15.123)|623.814 |105.746 |300.0 |250.0| 0.946(0.013) |50.0| 0.935(0.021) | 1.0(0.02,0.007) | 1.0(0.043) |0.41(0.024) |0.932(0.3,+0.007-0.007) |0.944(0.014)| 1.0(+0.0-0.0)| 108.362(+0.16-0.16,+0.305-0.305)
 17 : 1582.31( 22.468)|1447.584 |134.726 |749.0 |671.0| 0.969(0.007) |78.0| 0.928(0.023) | 1.0(0.02,0.006) | 1.0(0.041) |0.391(0.016) |0.966(0.3,+0.004-0.004) |0.965(0.009)| 1.0(+0.0-0.0)| 272.991(+0.1-0.1,+0.304-0.304)
 18 : 236.06( 8.642)|216.728 |19.332 |112.0 |101.0| 0.969(0.007) |11.0| 0.928(0.023) | 1.0(0.02,0.006) | 1.0(0.042) |0.373(0.043) |0.952(0.3,+0.008-0.008) |0.965(0.009)| 1.0(+0.0-0.0)| 38.35(+0.276-0.276,+0.307-0.307)
 19 : 310.894( 9.925)|301.475 |9.419 |151.0 |142.0| 0.969(0.007) |9.0| 0.928(0.023) | 1.0(0.02,0.006) | 1.0(0.039) |0.482(0.036) |0.969(0.3,+0.005-0.005) |0.967(0.008)| 1.0(+0.0-0.0)| 68.227(+0.18-0.18,+0.306-0.306)
 20 : 39.392( 3.537)|38.175 |1.217 |13.0 |13.0| 0.969(0.007) |0.0| 0.928(0.023) | 1.0(0.02,0.006) | 1.0(0.04) |0.434(0.104) |0.951(0.3,+0.019-0.019) |0.969(0.007)| 1.0(+0.0-0.0)| 5.199(+0.764-0.764,+0.321-0.321)
 21 : 540.446( 20.117)|410.81 |129.636 |397.0 |292.0| 0.929(0.018) |105.0| 0.944(0.024) | 1.0(0.02,0.007) | 1.0(0.045) |0.465(0.043) |0.907(0.3,+0.038-0.038) |0.933(0.02)| 1.0(+0.0-0.0)| 156.088(+0.128-0.128,+0.31-0.31)
 22 : 692.541( 15.974)|524.284 |168.258 |429.0 |325.0| 0.929(0.018) |104.0| 0.944(0.024) | 1.0(0.02,0.007) | 1.0(0.046) |0.403(0.026) |0.871(0.3,+0.025-0.025) |0.932(0.02)| 1.0(+0.0-0.0)| 140.53(+0.147-0.147,+0.307-0.307)
 23 : 97.209( 5.479)|76.044 |21.165 |48.0 |42.0| 0.929(0.018) |6.0| 0.944(0.024) | 1.0(0.02,0.007) | 1.0(0.047) |0.447(0.066) |0.888(0.3,+0.033-0.033) |0.93(0.019)| 1.0(+0.0-0.0)| 17.728(+0.391-0.391,+0.314-0.314)
 24 : 400.531( 16.461)|313.143 |87.388 |286.0 |224.0| 0.946(0.013) |62.0| 0.935(0.021) | 1.0(0.02,0.007) | 1.0(0.047) |0.443(0.047) |0.973(0.3,+0.016-0.016) |0.943(0.014)| 1.0(+0.0-0.0)| 116.236(+0.145-0.145,+0.309-0.309)
 25 : 1296.852( 21.376)|1055.056 |241.795 |766.0 |609.0| 0.946(0.013) |157.0| 0.935(0.021) | 1.0(0.02,0.007) | 1.0(0.044) |0.4(0.019) |0.893(0.3,+0.014-0.014) |0.943(0.014)| 1.0(+0.0-0.0)| 258.038(+0.107-0.107,+0.305-0.305)
 26 : 231.631( 8.537)|191.145 |40.487 |102.0 |81.0| 0.946(0.013) |21.0| 0.935(0.021) | 1.0(0.02,0.007) | 1.0(0.044) |0.403(0.043) |0.888(0.3,+0.016-0.016) |0.943(0.014)| 1.0(+0.0-0.0)| 34.469(+0.293-0.293,+0.308-0.308)
 27 : 167.474( 7.28)|155.011 |12.463 |91.0 |78.0| 0.969(0.007) |13.0| 0.928(0.023) | 1.0(0.02,0.007) | 1.0(0.041) |0.361(0.048) |0.929(0.3,+0.022-0.022) |0.963(0.009)| 1.0(+0.0-0.0)| 29.415(+0.324-0.324,+0.308-0.308)
 28 : 72.612( 4.795)|65.343 |7.268 |26.0 |23.0| 0.969(0.007) |3.0| 0.928(0.023) | 1.0(0.02,0.006) | 1.0(0.04) |0.351(0.077) |0.872(0.3,+0.03-0.03) |0.964(0.009)| 1.0(+0.0-0.0)| 7.665(+0.665-0.665,+0.315-0.315)
 29 : 42.777( 3.655)|40.952 |1.825 |16.0 |14.0| 0.969(0.007) |2.0| 0.928(0.023) | 1.0(0.02,0.007) | 1.0(0.038) |0.389(0.098) |0.943(0.3,+0.019-0.019) |0.964(0.009)| 1.0(+0.0-0.0)| 5.653(+0.708-0.708,+0.319-0.319)
 30 : 10.93( 1.951)|10.622 |0.307 |4.0 |4.0| 0.969(0.007) |0.0| 0.928(0.023) | 1.0(0.02,0.006) | 1.0(0.037) |0.409(0.205) |0.852(0.3,+0.13-0.13) |0.969(0.007)| 1.0(+0.0-0.0)| 1.349(+1.931-1.931,+0.388-0.388)
 31 : 54.475( 4.835)|43.235 |11.24 |35.0 |29.0| 0.929(0.018) |6.0| 0.944(0.024) | 1.0(0.02,0.007) | 1.0(0.045) |0.403(0.026) |0.922(0.3,+0.047-0.047) |0.931(0.019)| 1.0(+0.0-0.0)| 12.12(+0.488-0.488,+0.309-0.309)
 32 : 16.787( 2.264)|13.502 |3.285 |12.0 |12.0| 0.929(0.018) |0.0| 0.944(0.024) | 1.0(0.02,0.006) | 1.0(0.044) |0.447(0.066) |0.762(0.3,+0.126-0.126) |0.929(0.018)| 1.0(+0.0-0.0)| 3.795(+1.013-1.013,+0.336-0.336)
 33 : 88.636( 5.637)|70.687 |17.949 |68.0 |49.0| 0.946(0.013) |19.0| 0.935(0.021) | 1.0(0.02,0.008) | 1.0(0.046) |0.4(0.019) |0.948(0.3,+0.025-0.025) |0.943(0.015)| 1.0(+0.0-0.0)| 24.317(+0.339-0.339,+0.306-0.306)
 34 : 35.418( 3.36)|28.319 |7.099 |14.0 |12.0| 0.946(0.013) |2.0| 0.935(0.021) | 1.0(0.02,0.007) | 1.0(0.046) |0.403(0.043) |0.862(0.3,+0.036-0.036) |0.944(0.014)| 1.0(+0.0-0.0)| 4.595(+0.814-0.814,+0.31-0.31)
 35 : 9.931( 1.756)|8.139 |1.792 |10.0 |9.0| 0.969(0.007) |1.0| 0.928(0.023) | 1.0(0.02,0.006) | 1.0(0.044) |0.361(0.048) |0.81(0.3,+0.176-0.176) |0.965(0.009)| 1.0(+0.0-0.0)| 2.822(+1.12-1.12,+0.354-0.354)
 36 : 11.251( 1.875)|10.034 |1.217 |8.0 |8.0| 0.969(0.007) |0.0| 0.928(0.023) | 1.0(0.02,0.006) | 1.0(0.038) |0.351(0.077) |0.772(0.3,+0.077-0.077) |0.969(0.007)| 1.0(+0.0-0.0)| 2.1(+1.564-1.564,+0.322-0.322)
 37 : 1.873( 0.765)|1.566 |0.307 |2.0 |2.0| 0.969(0.007) |0.0| 0.928(0.023) | 1.0(0.02,0.006) | 1.0(0.038) |0.389(0.098) |0.838(0.3,+0.124-0.124) |0.969(0.007)| 1.0(+0.0-0.0)| 0.631(+3.466-3.466,+0.342-0.342)
 38 : 0.949( 0.548)|0.949 |0.0 |4.0 |4.0| 0.969(0.007) |0.0| 0.928(0.023) | 1.0(0.02,0.006) | 1.0(0.028) |0.409(0.205) |0.898(0.3,+0.114-0.125) |0.969(0.007)| 1.0(+0.0-0.0)| 1.422(+1.832-1.832,+0.382-0.386)
 39 : 1.55( 0.694)|0.944 |0.607 |1.0 |0.0| 0.929(0.018) |1.0| 0.944(0.024) | 1.0(0.02,0.012) | 1.0(0.045) |0.403(0.026) |0.922(0.3,+0.047-0.047) |0.944(0.024)| 1.0(+0.0-0.0)| 0.351(+5.545-5.545,+0.31-0.31)
 40 : 1.87( 0.764)|1.58 |0.29 |0.0 |0.0| 0.929(0.018) |0.0| 0.944(0.024) | 1.0(0.02,0.0) | 1.0(0.039) |0.447(0.066) |0.762(0.3,+0.126-0.126) |1.0(0.0)| 1.0(+0.0-0.0)| 0.0(+1.055-1.055,+0.335-0.335)
 41 : 2.693( 0.975)|2.091 |0.602 |2.0 |2.0| 0.946(0.013) |0.0| 0.935(0.021) | 1.0(0.02,0.006) | 1.0(0.034) |0.4(0.019) |0.948(0.3,+0.025-0.025) |0.946(0.013)| 1.0(+0.0-0.0)| 0.718(+3.05-3.05,+0.304-0.304)
 42 : 5.632( 1.328)|5.632 |0.0 |4.0 |3.0| 0.946(0.013) |1.0| 0.935(0.021) | 1.0(0.02,0.007) | 1.0(0.035) |0.403(0.043) |0.862(0.3,+0.036-0.036) |0.943(0.015)| 1.0(+0.0-0.0)| 1.311(+1.525-1.525,+0.308-0.308)
 43 : 0.303( 0.303)|0.303 |0.0 |0.0 |0.0| 0.969(0.007) |0.0| 0.928(0.023) | 1.0(0.02,0.0) | 1.0(0.04) |0.361(0.048) |0.81(0.3,+0.176-0.176) |1.0(0.0)| 1.0(+0.0-0.0)| 0.0(+0.853-0.853,+0.354-0.354)
 44 : 1.25( 0.625)|0.943 |0.307 |2.0 |2.0| 0.969(0.007) |0.0| 0.928(0.023) | 1.0(0.02,0.006) | 1.0(0.038) |0.351(0.077) |0.772(0.3,+0.077-0.077) |0.969(0.007)| 1.0(+0.0-0.0)| 0.525(+4.169-4.169,+0.322-0.322)
 45 : 0.0( 0.0)|0.0 |0.0 |0.0 |0.0| 0.969(0.007) |0.0| 0.928(0.023) | 1.0(0.02,0.0) | 1.0(0.0) |0.389(0.098) |0.838(0.3,+0.124-0.124) |1.0(0.0)| 1.0(+0.0-0.0)| 0.0(+0.918-0.918,+0.34-0.34)
 46 : 0.319( 0.319)|0.319 |0.0 |0.0 |0.0| 0.969(0.007) |0.0| 0.928(0.023) | 1.0(0.02,0.0) | 1.0(0.026) |0.409(0.205) |0.898(0.3,+0.114-0.125) |1.0(0.0)| 1.0(+0.0-0.0)| 0.0(+0.965-0.965,+0.382-0.386)

binIndex
[1, 2, 3, 4, 5, 6, 7, 8, 9, 10, 11, 12, 13, 14, 15, 16, 17, 18, 19, 20, 21, 22, 23, 24, 25, 26, 27, 28, 29, 30, 31, 32, 33, 34, 35, 36, 37, 38, 39, 40, 41, 42, 43, 44, 45, 46]
------------------------------------------------------
nMCGJ
[60566.52141010761, 4608.983865737915, 334.7299782782793, 55892.201932147145, 12847.105789974332, 764.9908282607794, 5386.027073025703, 228.02902853488922, 920.6046334207058, 35.00752583146095, 10250.262388885021, 3580.798407495022, 321.0608637779951, 8794.853275194764, 8150.595558941364, 729.5598570555449, 1582.3099374473095, 236.060454338789, 310.89389503002167, 39.391903787851334, 540.4458875954151, 692.5413421690464, 97.20875762403011, 400.53082513809204, 1296.8518688082695, 231.63149079680443, 167.4739435315132, 72.61153748631477, 42.776789486408234, 10.92967963218689, 54.4754104167223, 16.78697571158409, 88.63643163442612, 35.41777601838112, 9.93054547905922, 11.250628769397736, 1.87295264005661, 0.9486277997493744, 1.550326406955719, 1.8700332939624786, 2.693192631006241, 5.632239073514938, 0.303273469209671, 1.2503319084644318, 0.0, 0.3193472623825073]
------------------------------------------------------
nMCerr
[244.36579489908436, 38.62197464310796, 10.206103235495863, 196.28820897541104, 65.55766564952194, 15.494783134625669, 41.742085278199994, 8.571204986250569, 17.181027571938422, 3.4241393361358767, 89.54571791953384, 34.64881501658765, 9.997557370277441, 74.06578607017259, 52.52309999768753, 15.123055621724639, 22.46755925896779, 8.64221343172439, 9.9249519953188, 3.5372194745425265, 20.11676032499923, 15.974171823527437, 5.479160965183838, 16.46087637265619, 21.376135829837942, 8.536550054716972, 7.280273692712959, 4.794947291761696, 3.65533750824068, 1.9514316040164965, 4.834583365465134, 2.26406333220048, 5.637393564809136, 3.359902337375153, 1.756087181499673, 1.8753820350630892, 0.764770076108913, 0.5477444503825983, 0.6935173727689715, 0.7638342806436987, 0.9753761330495533, 1.327776603812753, 0.303273469209671, 0.6252325952747195, 0.0, 0.3193472623825073]
------------------------------------------------------
nMCEBt
[47959.00493042171, 3666.410774588585, 276.0184945613146, 46193.397584185004, 10830.551995754242, 664.8865121603012, 4934.399426847696, 213.79902130365372, 891.1276516318321, 34.70032328367233, 8077.723565801978, 2767.2976684868336, 263.5272607654333, 7186.1545881181955, 6737.941826596856, 623.8137191683054, 1447.584221303463, 216.7280362546444, 301.4751387536526, 38.17511531710625, 410.80984768271446, 524.2837934941053, 76.0440231114626, 313.14259907603264, 1055.0564296841621, 191.1445578634739, 155.01106324791908, 65.34348601102829, 40.951606780290604, 10.62247708439827, 43.23519951105118, 13.501764357089996, 70.687047123909, 28.31925505399704, 8.138598471879959, 10.033840298652649, 1.5657500922679901, 0.9486277997493744, 0.943560004234314, 1.5802336931228638, 2.0913123190402985, 5.632239073514938, 0.303273469209671, 0.9431293606758118, 0.0, 0.3193472623825073]
------------------------------------------------------
nMCECt
[12607.516479685903, 942.5730911493301, 58.71148371696472, 9698.804347962141, 2016.55379422009, 100.10431610047817, 451.6276461780071, 14.230007231235504, 29.476981788873672, 0.30720254778862, 2172.538823083043, 813.5007390081882, 57.5336030125618, 1608.6986870765686, 1412.6537323445082, 105.74613788723946, 134.7257161438465, 19.332418084144592, 9.418756276369095, 1.2167884707450867, 129.63603991270065, 168.25754867494106, 21.16473451256752, 87.3882260620594, 241.79543912410736, 40.486932933330536, 12.462880283594131, 7.268051475286484, 1.82518270611763, 0.30720254778862, 11.24021090567112, 3.285211354494095, 17.94938451051712, 7.098520964384079, 1.7919470071792603, 1.2167884707450867, 0.30720254778862, 0.0, 0.606766402721405, 0.28979960083961487, 0.6018803119659424, 0.0, 0.0, 0.30720254778862, 0.0, 0.0]
------------------------------------------------------
Nobs
[37229.0, 2201.0, 114.0, 32148.0, 6078.0, 292.0, 2624.0, 83.0, 404.0, 18.0, 6507.0, 1752.0, 149.0, 5216.0, 4077.0, 300.0, 749.0, 112.0, 151.0, 13.0, 397.0, 429.0, 48.0, 286.0, 766.0, 102.0, 91.0, 26.0, 16.0, 4.0, 35.0, 12.0, 68.0, 14.0, 10.0, 8.0, 2.0, 4.0, 1.0, 0.0, 2.0, 4.0, 0.0, 2.0, 0.0, 0.0]
------------------------------------------------------
nEB
[28929.0, 1739.0, 94.0, 25953.0, 5057.0, 252.0, 2334.0, 79.0, 384.0, 18.0, 4936.0, 1343.0, 117.0, 4155.0, 3296.0, 250.0, 671.0, 101.0, 142.0, 13.0, 292.0, 325.0, 42.0, 224.0, 609.0, 81.0, 78.0, 23.0, 14.0, 4.0, 29.0, 12.0, 49.0, 12.0, 9.0, 8.0, 2.0, 4.0, 0.0, 0.0, 2.0, 3.0, 0.0, 2.0, 0.0, 0.0]
------------------------------------------------------
pEB
[0.9285315544210001, 0.9285315544210001, 0.9285315544210001, 0.9457477890636666, 0.9457477890636666, 0.9457477890636666, 0.9691437937430001, 0.9691437937430001, 0.9691437937430001, 0.9691437937430001, 0.9285315544210001, 0.9285315544210001, 0.9285315544210001, 0.9457477890636666, 0.9457477890636666, 0.9457477890636666, 0.9691437937430001, 0.9691437937430001, 0.9691437937430001, 0.9691437937430001, 0.9285315544210001, 0.9285315544210001, 0.9285315544210001, 0.9457477890636666, 0.9457477890636666, 0.9457477890636666, 0.9691437937430001, 0.9691437937430001, 0.9691437937430001, 0.9691437937430001, 0.9285315544210001, 0.9285315544210001, 0.9457477890636666, 0.9457477890636666, 0.9691437937430001, 0.9691437937430001, 0.9691437937430001, 0.9691437937430001, 0.9285315544210001, 0.9285315544210001, 0.9457477890636666, 0.9457477890636666, 0.9691437937430001, 0.9691437937430001, 0.9691437937430001, 0.9691437937430001]
------------------------------------------------------
pEBerr
[0.01823743016419038, 0.01823743016419038, 0.01823743016419038, 0.012649204639971198, 0.012649204639971198, 0.012649204639971198, 0.007001854595582861, 0.007001854595582861, 0.007001854595582861, 0.007001854595582861, 0.01823743016419038, 0.01823743016419038, 0.01823743016419038, 0.012649204639971198, 0.012649204639971198, 0.012649204639971198, 0.007001854595582861, 0.007001854595582861, 0.007001854595582861, 0.007001854595582861, 0.01823743016419038, 0.01823743016419038, 0.01823743016419038, 0.012649204639971198, 0.012649204639971198, 0.012649204639971198, 0.007001854595582861, 0.007001854595582861, 0.007001854595582861, 0.007001854595582861, 0.01823743016419038, 0.01823743016419038, 0.012649204639971198, 0.012649204639971198, 0.007001854595582861, 0.007001854595582861, 0.007001854595582861, 0.007001854595582861, 0.01823743016419038, 0.01823743016419038, 0.012649204639971198, 0.012649204639971198, 0.007001854595582861, 0.007001854595582861, 0.007001854595582861, 0.007001854595582861]
------------------------------------------------------
nEC
[8300.0, 462.0, 20.0, 6195.0, 1021.0, 40.0, 290.0, 4.0, 20.0, 0.0, 1571.0, 409.0, 32.0, 1061.0, 781.0, 50.0, 78.0, 11.0, 9.0, 0.0, 105.0, 104.0, 6.0, 62.0, 157.0, 21.0, 13.0, 3.0, 2.0, 0.0, 6.0, 0.0, 19.0, 2.0, 1.0, 0.0, 0.0, 0.0, 1.0, 0.0, 0.0, 1.0, 0.0, 0.0, 0.0, 0.0]
------------------------------------------------------
pEC
[0.9439760420550001, 0.9439760420550001, 0.9439760420550001, 0.9345166398170001, 0.9345166398170001, 0.9345166398170001, 0.9283238776746666, 0.9283238776746666, 0.9283238776746666, 0.9283238776746666, 0.9439760420550001, 0.9439760420550001, 0.9439760420550001, 0.9345166398170001, 0.9345166398170001, 0.9345166398170001, 0.9283238776746666, 0.9283238776746666, 0.9283238776746666, 0.9283238776746666, 0.9439760420550001, 0.9439760420550001, 0.9439760420550001, 0.9345166398170001, 0.9345166398170001, 0.9345166398170001, 0.9283238776746666, 0.9283238776746666, 0.9283238776746666, 0.9283238776746666, 0.9439760420550001, 0.9439760420550001, 0.9345166398170001, 0.9345166398170001, 0.9283238776746666, 0.9283238776746666, 0.9283238776746666, 0.9283238776746666, 0.9439760420550001, 0.9439760420550001, 0.9345166398170001, 0.9345166398170001, 0.9283238776746666, 0.9283238776746666, 0.9283238776746666, 0.9283238776746666]
------------------------------------------------------
pECerr
[0.023508151450211262, 0.023508151450211262, 0.023508151450211262, 0.021139271371206844, 0.021139271371206844, 0.021139271371206844, 0.02295081587549125, 0.02295081587549125, 0.02295081587549125, 0.02295081587549125, 0.023508151450211262, 0.023508151450211262, 0.023508151450211262, 0.021139271371206844, 0.021139271371206844, 0.021139271371206844, 0.02295081587549125, 0.02295081587549125, 0.02295081587549125, 0.02295081587549125, 0.023508151450211262, 0.023508151450211262, 0.023508151450211262, 0.021139271371206844, 0.021139271371206844, 0.021139271371206844, 0.02295081587549125, 0.02295081587549125, 0.02295081587549125, 0.02295081587549125, 0.023508151450211262, 0.023508151450211262, 0.021139271371206844, 0.021139271371206844, 0.02295081587549125, 0.02295081587549125, 0.02295081587549125, 0.02295081587549125, 0.023508151450211262, 0.023508151450211262, 0.021139271371206844, 0.021139271371206844, 0.02295081587549125, 0.02295081587549125, 0.02295081587549125, 0.02295081587549125]
------------------------------------------------------
trigW
[1.0, 1.0, 1.0, 1.0, 1.0, 1.0, 1.0, 1.0, 1.0, 1.0, 1.0, 1.0, 1.0, 1.0, 1.0, 1.0, 1.0, 1.0, 1.0, 1.0, 1.0, 1.0, 1.0, 1.0, 1.0, 1.0, 1.0, 1.0, 1.0, 1.0, 1.0, 1.0, 1.0, 1.0, 1.0, 1.0, 1.0, 1.0, 1.0, 1.0, 1.0, 1.0, 1.0, 1.0, 1.0, 1.0]
------------------------------------------------------
trigWsysErr
[0.02, 0.02, 0.02, 0.02, 0.02, 0.02, 0.02, 0.02, 0.02, 0.02, 0.02, 0.02, 0.02, 0.02, 0.02, 0.02, 0.02, 0.02, 0.02, 0.02, 0.02, 0.02, 0.02, 0.02, 0.02, 0.02, 0.02, 0.02, 0.02, 0.02, 0.02, 0.02, 0.02, 0.02, 0.02, 0.02, 0.02, 0.02, 0.02, 0.02, 0.02, 0.02, 0.02, 0.02, 0.02, 0.02]
------------------------------------------------------
trigWerr
[0.007198224940771979, 0.0071122370377101314, 0.006884960701754386, 0.006998802685703621, 0.006835796127015465, 0.006631397808219177, 0.006456861935975609, 0.006045873734939759, 0.006054526534653466, 0.00572808, 0.007320137725526357, 0.007267484098173516, 0.00714428832214765, 0.0070694272814417185, 0.006991284763306352, 0.0068271166666666674, 0.006414794499332443, 0.006375726607142857, 0.00612111298013245, 0.00572808, 0.007472143224181359, 0.007326678787878788, 0.006552357499999999, 0.007157596223776224, 0.00707963684073107, 0.007085713529411765, 0.006670111428571429, 0.006488951538461538, 0.006552357500000001, 0.00572808, 0.0068585177142857145, 0.00572808, 0.007570582647058823, 0.006670111428571429, 0.006387501999999999, 0.00572808, 0.00572808, 0.00572808, 0.0123223, 0.0, 0.00572808, 0.0073766349999999994, 0.0, 0.00572808, 0.0, 0.0]
------------------------------------------------------
SF
[1.0, 1.0, 1.0, 1.0, 1.0, 1.0, 1.0, 1.0, 1.0, 1.0, 1.0, 1.0, 1.0, 1.0, 1.0, 1.0, 1.0, 1.0, 1.0, 1.0, 1.0, 1.0, 1.0, 1.0, 1.0, 1.0, 1.0, 1.0, 1.0, 1.0, 1.0, 1.0, 1.0, 1.0, 1.0, 1.0, 1.0, 1.0, 1.0, 1.0, 1.0, 1.0, 1.0, 1.0, 1.0, 1.0]
------------------------------------------------------
SFerr
[0.04454080061187667, 0.04460734652202276, 0.04238537397219602, 0.04339923225596674, 0.04314347553946269, 0.04205812679466254, 0.04085592526505195, 0.0401465128076089, 0.03911060773945404, 0.03701977927074296, 0.044902896047285264, 0.04515968510963324, 0.044030421003113974, 0.043858885956416904, 0.04372706805650269, 0.043163400637689024, 0.04097723090047982, 0.04158425748915911, 0.039044116469522265, 0.039514872280300505, 0.04470163413860873, 0.04592439805739775, 0.04654075401308581, 0.046729916016191544, 0.04396432841612808, 0.04430942193835848, 0.04090270517678356, 0.039996428778039196, 0.03799810477110838, 0.03714480724850359, 0.04491768878742036, 0.044202285961330204, 0.04646512161486175, 0.045960739206037264, 0.043947545164788944, 0.03833375553014537, 0.03751330027339971, 0.02823451355278569, 0.04450892194176695, 0.03878319582712136, 0.0341748966255985, 0.03504989843505398, 0.03997003552914712, 0.03753013495064124, 0.0, 0.02557060662793415]
------------------------------------------------------
ZgR
[0.41564422180851585, 0.409032612681068, 0.4650872024877391, 0.42808838411270245, 0.42055192736274966, 0.42256635209535487, 0.42930651849145113, 0.41106142660960715, 0.5368213281479643, 0.6038979545454444, 0.42604215502537574, 0.3974994256477701, 0.4356020875949354, 0.41786294703942833, 0.40798089970426576, 0.4104885676478272, 0.39100021231097065, 0.3726420684462774, 0.4823981339680729, 0.4340945317391768, 0.4646137347760798, 0.4033790428700369, 0.4467789338761988, 0.44282162372908274, 0.40005881523470455, 0.4031473540935041, 0.36109592831075366, 0.3506448121272236, 0.38868268485047247, 0.40874422601867305, 0.4033790428700369, 0.4467789338761988, 0.40005881523470455, 0.4031473540935041, 0.36109592831075366, 0.3506448121272236, 0.38868268485047247, 0.40874422601867305, 0.4033790428700369, 0.4467789338761988, 0.40005881523470455, 0.4031473540935041, 0.36109592831075366, 0.3506448121272236, 0.38868268485047247, 0.40874422601867305]
------------------------------------------------------
REr1
[0.004620644249322752, 0.009364483176598963, 0.035775007581457255, 0.003948922195930889, 0.0056306560478406025, 0.02378976720510903, 0.008444693875103921, 0.04325078541705278, 0.02041261179870287, 0.10842227276576026, 0.0100209188144407, 0.010876375170471683, 0.03677021975819029, 0.009508219683715695, 0.007168317827335819, 0.024374877099161273, 0.01571450533381722, 0.04266757132985058, 0.035952486147967706, 0.10384331462502996, 0.043148639831032974, 0.026072626433547155, 0.06603159738456786, 0.046754674933652936, 0.018516714775465255, 0.04324913205055857, 0.048474567746159866, 0.07714710222859177, 0.09796542356603541, 0.20491923426340553, 0.026072626433547155, 0.06603159738456786, 0.018516714775465255, 0.04324913205055857, 0.048474567746159866, 0.07714710222859177, 0.09796542356603541, 0.20491923426340553, 0.026072626433547155, 0.06603159738456786, 0.018516714775465255, 0.04324913205055857, 0.048474567746159866, 0.07714710222859177, 0.09796542356603541, 0.20491923426340553]
------------------------------------------------------
f
[0.969432907698, 0.973145158757, 0.979263771362, 0.976889210827, 0.968630268912, 0.977559820541, 0.985131528509, 0.983965826053, 0.989420643321, 0.990962172524, 0.924415581298, 0.900613686123, 0.944646618266, 0.949206308714, 0.928448449434, 0.932263077866, 0.966073435266, 0.95206802902, 0.968901223366, 0.950653869399, 0.907367595812, 0.871073319118, 0.888424582686, 0.972950074516, 0.892513261282, 0.888482999934, 0.929254115212, 0.871710694575, 0.942829884842, 0.851514476336, 0.921928773995, 0.762406001333, 0.948291436198, 0.86223639719, 0.809934607131, 0.772346396222, 0.837954268482, 0.897608048896, 0.921928773995, 0.762406001333, 0.948291436198, 0.86223639719, 0.809934607131, 0.772346396222, 0.837954268482, 0.897608048896]
------------------------------------------------------
fsysErr
[0.3, 0.3, 0.3, 0.3, 0.3, 0.3, 0.3, 0.3, 0.3, 0.3, 0.3, 0.3, 0.3, 0.3, 0.3, 0.3, 0.3, 0.3, 0.3, 0.3, 0.3, 0.3, 0.3, 0.3, 0.3, 0.3, 0.3, 0.3, 0.3, 0.3, 0.3, 0.3, 0.3, 0.3, 0.3, 0.3, 0.3, 0.3, 0.3, 0.3, 0.3, 0.3, 0.3, 0.3, 0.3, 0.3]
------------------------------------------------------
ferrUp
[0.002250200779804311, 0.003972962859578311, 0.0049004880203068635, 0.00167757407817274, 0.002384757431114161, 0.003165890683484979, 0.0020279042173623305, 0.004365766789860662, 0.0015852519632553635, 0.005836579925849714, 0.007787383961985988, 0.009812669869390639, 0.008344398899282767, 0.006063123069459132, 0.004721424548926035, 0.0072158929819024, 0.004291138046921409, 0.007853669233296907, 0.004964086894906463, 0.01885866658054425, 0.038399414046210986, 0.02546383174134997, 0.032584517665053776, 0.01571095890845592, 0.013587914068503917, 0.016126979345428533, 0.02199867618766077, 0.029982614856116467, 0.018523126276620575, 0.13040434315902827, 0.04748179544294971, 0.12551371208357517, 0.02476476642851025, 0.03636481466368751, 0.17565094320631955, 0.07720069804942994, 0.1237737145726204, 0.1140720064062878, 0.04748179544294971, 0.12551371208357517, 0.02476476642851025, 0.03636481466368751, 0.17565094320631955, 0.07720069804942994, 0.1237737145726204, 0.1140720064062878]
------------------------------------------------------
ferrDn
[0.002250200779804311, 0.003972962859578311, 0.0049004880203068635, 0.00167757407817274, 0.002384757431114161, 0.003165890683484979, 0.0020279042173623305, 0.004365766789860662, 0.0015852519632553635, 0.005836579925849714, 0.007787383961985988, 0.009812669869390639, 0.008344398899282767, 0.006063123069459132, 0.004721424548926035, 0.0072158929819024, 0.004291138046921409, 0.007853669233296907, 0.004964086894906463, 0.01885866658054425, 0.038399414046210986, 0.02546383174134997, 0.032584517665053776, 0.01571095890845592, 0.013587914068503917, 0.016126979345428533, 0.02199867618766077, 0.029982614856116467, 0.018523126276620575, 0.13040434315902827, 0.04748179544294971, 0.12551371208357517, 0.02476476642851025, 0.03636481466368751, 0.17565094320631955, 0.07720069804942994, 0.1237737145726204, 0.1254040169854159, 0.04748179544294971, 0.12551371208357517, 0.02476476642851025, 0.03636481466368751, 0.17565094320631955, 0.07720069804942994, 0.1237737145726204, 0.1254040169854159]
------------------------------------------------------
purity
[0.9319748176663786, 0.931773423247401, 0.9312411136550351, 0.9435835185154802, 0.9438611481652056, 0.944209275468233, 0.9646324463116676, 0.967176568872237, 0.9671230058188252, 0.9691437937430002, 0.9322603526495254, 0.9321370312716313, 0.9318484913625301, 0.9434632320562447, 0.943596322896964, 0.943875930855889, 0.9648928545529734, 0.9651346948434316, 0.9667108186130996, 0.9691437937430002, 0.9326163685307483, 0.9322756726353032, 0.9304621153752501, 0.943313064401802, 0.943445843330342, 0.9434354936305295, 0.9633123771618096, 0.9644338034274231, 0.9640413042344584, 0.9691437937430001, 0.9311791808725429, 0.9285315544210001, 0.9426096738329803, 0.9441433391712856, 0.9650618021361668, 0.9691437937430001, 0.9691437937430001, 0.9691437937430001, 0.9439760420550001, 1.0, 0.9457477890636666, 0.942940001752, 1.0, 0.9691437937430001, 1.0, 1.0]
------------------------------------------------------
pErr
[0.019427640088964183, 0.019358267625021366, 0.01917476342147295, 0.014269540886152936, 0.01406127090982918, 0.013800288647094934, 0.00869816070544646, 0.007739602623441932, 0.007759731794098181, 0.00700185459558286, 0.019525944298969627, 0.019483494505917298, 0.01938412914647972, 0.014359814471938443, 0.014259932702467778, 0.014050184785441152, 0.008599813549580431, 0.008508526394245496, 0.007914707723796773, 0.007001854595582861, 0.019648429412307395, 0.01953121697370356, 0.018905839245030073, 0.014472545858050868, 0.014372866412438514, 0.014380635103403453, 0.009197522959873661, 0.008773216937639517, 0.008921611756818408, 0.007001854595582861, 0.019153399578434906, 0.01823743016419038, 0.015001061783171092, 0.013849704652495106, 0.008536036297467133, 0.007001854595582861, 0.007001854595582861, 0.007001854595582861, 0.023508151450211262, 0.0, 0.012649204639971198, 0.014752760703653594, 0.0, 0.007001854595582861, 0.0, 0.0]
------------------------------------------------------
DR
[1.0, 1.0, 1.0, 1.0, 1.0, 1.0, 1.0, 1.0, 1.0, 1.0, 1.0, 1.0, 1.0, 1.0, 1.0, 1.0, 1.0, 1.0, 1.0, 1.0, 1.0, 1.0, 1.0, 1.0, 1.0, 1.0, 1.0, 1.0, 1.0, 1.0, 1.0, 1.0, 1.0, 1.0, 1.0, 1.0, 1.0, 1.0, 1.0, 1.0, 1.0, 1.0, 1.0, 1.0, 1.0, 1.0]
------------------------------------------------------
DRup
[0.0, 0.0, 0.0, 0.0, 0.0, 0.0, 0.0, 0.0, 0.0, 0.0, 0.0, 0.0, 0.0, 0.0, 0.0, 0.0, 0.0, 0.0, 0.0, 0.0, 0.0, 0.0, 0.0, 0.0, 0.0, 0.0, 0.0, 0.0, 0.0, 0.0, 0.0, 0.0, 0.0, 0.0, 0.0, 0.0, 0.0, 0.0, 0.0, 0.0, 0.0, 0.0, 0.0, 0.0, 0.0, 0.0]
------------------------------------------------------
DRlow
[0.0, 0.0, 0.0, 0.0, 0.0, 0.0, 0.0, 0.0, 0.0, 0.0, 0.0, 0.0, 0.0, 0.0, 0.0, 0.0, 0.0, 0.0, 0.0, 0.0, 0.0, 0.0, 0.0, 0.0, 0.0, 0.0, 0.0, 0.0, 0.0, 0.0, 0.0, 0.0, 0.0, 0.0, 0.0, 0.0, 0.0, 0.0, 0.0, 0.0, 0.0, 0.0, 0.0, 0.0, 0.0, 0.0]
------------------------------------------------------
Yield
[13980.575651741925, 816.3303142543288, 48.350511191303625, 12685.659873528157, 2336.93411976233, 113.8909902828491, 1070.5017899581148, 32.469126069983815, 207.5266181867952, 10.439539920923282, 2389.1193810845843, 584.6405192224249, 57.13350942978975, 1951.8976510381776, 1457.2181702626826, 108.36167685661023, 272.99081896136113, 38.35003936575373, 68.22737298652572, 5.199221340771449, 156.0877606767959, 140.53020717519036, 17.727732379351522, 116.23616107005532, 258.03835655978406, 34.468732942055276, 29.414780852252058, 7.66453062614672, 5.652546687675004, 1.3492482913074768, 12.120261857732784, 3.7953943499955116, 24.316803103898906, 4.594689147717137, 2.8224592062926184, 2.0997024171842362, 0.6312970009495178, 1.4222848347194492, 0.35105217900511887, 0.0, 0.7175811195807676, 1.3110951675140843, 0.0, 0.5249256042960591, 0.0, 0.0]
------------------------------------------------------
YstatUp
[0.013801161295355812, 0.057470383745106435, 0.220826584641192, 0.01413396191899794, 0.03336060195918605, 0.1500382729853948, 0.04785138556514422, 0.2805875821698345, 0.09685384659499413, 0.43675149044259226, 0.03376389585097783, 0.07159424928087879, 0.2136496731525673, 0.03700085417012398, 0.04381731662724755, 0.15983979371792267, 0.10025195891544485, 0.275958132489139, 0.18010668137363745, 0.7642538416986067, 0.12765164135084756, 0.14738692551265659, 0.39081158729275345, 0.14549288594532309, 0.10725810447402911, 0.2930048213649211, 0.32430607122606186, 0.6652748566491506, 0.7076456367395831, 1.931113629543275, 0.48811484871716115, 1.0132369744227288, 0.3391157635319727, 0.8143439668019712, 1.1203980036693328, 1.5643388666776101, 3.4664437557741854, 1.831947934322029, 5.544787394238965, 1.055174182209422, 3.0496281009440835, 1.5254422787570188, 0.852813487755067, 4.168887036697469, 0.91796614170646, 0.9653462187220929]
------------------------------------------------------
YstatLow
[0.013801161295355812, 0.057470383745106435, 0.220826584641192, 0.01413396191899794, 0.03336060195918605, 0.1500382729853948, 0.04785138556514422, 0.2805875821698345, 0.09685384659499413, 0.43675149044259226, 0.03376389585097783, 0.07159424928087879, 0.2136496731525673, 0.03700085417012398, 0.04381731662724755, 0.15983979371792267, 0.10025195891544485, 0.275958132489139, 0.18010668137363745, 0.7642538416986067, 0.12765164135084756, 0.14738692551265659, 0.39081158729275345, 0.14549288594532309, 0.10725810447402911, 0.2930048213649211, 0.32430607122606186, 0.6652748566491506, 0.7076456367395831, 1.931113629543275, 0.48811484871716115, 1.0132369744227288, 0.3391157635319727, 0.8143439668019712, 1.1203980036693328, 1.5643388666776101, 3.4664437557741854, 1.831947934322029, 5.544787394238965, 1.055174182209422, 3.0496281009440835, 1.5254422787570188, 0.852813487755067, 4.168887036697469, 0.91796614170646, 0.9653462187220929]
------------------------------------------------------
YsysUp
[0.3046958226128141, 0.3048255563168986, 0.30645629396895663, 0.304227718391733, 0.3042091357692078, 0.3049250486932862, 0.30374657355292184, 0.3065907482091632, 0.3040488416538635, 0.321934396768103, 0.30497898149442604, 0.30510064580281543, 0.30689923647048195, 0.30447816121029647, 0.3043648416857366, 0.30521025558493353, 0.3040717010467297, 0.30679715961154075, 0.3055188653295804, 0.3212200885640586, 0.3101232818021821, 0.30703808814471867, 0.3136691387036588, 0.30867005795212965, 0.30515088539048446, 0.3078163442064832, 0.3082788373827053, 0.3145940602083567, 0.31922831160922377, 0.38840540529146944, 0.30946048777555, 0.33590641645828023, 0.30626380048131213, 0.30974438077622535, 0.35446874106319953, 0.3222777324651784, 0.34176928065471823, 0.38247005090658165, 0.309870649048831, 0.33469090225567993, 0.3044944978488367, 0.30837224460262486, 0.3538370264792084, 0.3221831327975837, 0.339583799132964, 0.3821755763258259]
------------------------------------------------------
YsysLow
[0.3046958226128141, 0.3048255563168986, 0.30645629396895663, 0.304227718391733, 0.3042091357692078, 0.3049250486932862, 0.30374657355292184, 0.3065907482091632, 0.3040488416538635, 0.321934396768103, 0.30497898149442604, 0.30510064580281543, 0.30689923647048195, 0.30447816121029647, 0.3043648416857366, 0.30521025558493353, 0.3040717010467297, 0.30679715961154075, 0.3055188653295804, 0.3212200885640586, 0.3101232818021821, 0.30703808814471867, 0.3136691387036588, 0.30867005795212965, 0.30515088539048446, 0.3078163442064832, 0.3082788373827053, 0.3145940602083567, 0.31922831160922377, 0.38840540529146944, 0.30946048777555, 0.33590641645828023, 0.30626380048131213, 0.30974438077622535, 0.35446874106319953, 0.3222777324651784, 0.34176928065471823, 0.3860014050116988, 0.309870649048831, 0.33469090225567993, 0.3044944978488367, 0.30837224460262486, 0.3538370264792084, 0.3221831327975837, 0.339583799132964, 0.3857096264944647]
------------------------------------------------------