 binIndex : nMCGJ( nMCerr)|nMCEBt |nMCECt |Nobs |nEB| pEB(pEBerr) |nEC| pEC(pECerr) | trigW(trigWsysErr,trigWerr) | SF(SFerr) |ZgR(REr1) |f(fsysErr,+ferrUp-ferrDn) |purity(pErr)| DR(+DRup-DRlow)| Yield(+YstatUp-YstatLow,+YsysUp-YsysLow)
 1 : 37978.313( 155.302)|30492.243 |7486.07 |69843.0 |55117.0| 0.932(0.017) |14726.0| 0.947(0.022) | 1.0(0.02,0.009) | 1.0(0.07) |0.46(0.005) |0.969(0.3,+0.002-0.002) |0.935(0.018)| 1.0(+0.0-0.0)| 29099.717(+0.009-0.009,+0.309-0.309)
 2 : 2875.065( 24.382)|2319.925 |555.14 |3819.0 |3054.0| 0.932(0.017) |765.0| 0.947(0.022) | 1.0(0.02,0.009) | 1.0(0.07) |0.451(0.009) |0.973(0.3,+0.004-0.004) |0.935(0.018)| 1.0(+0.0-0.0)| 1566.42(+0.039-0.039,+0.31-0.31)
 3 : 211.483( 6.503)|175.898 |35.584 |250.0 |210.0| 0.932(0.017) |40.0| 0.947(0.022) | 1.0(0.02,0.009) | 1.0(0.068) |0.512(0.036) |0.979(0.3,+0.005-0.005) |0.934(0.018)| 1.0(+0.0-0.0)| 117.064(+0.135-0.135,+0.311-0.311)
 4 : 35500.83( 125.883)|29607.696 |5893.134 |60349.0 |49131.0| 0.946(0.013) |11218.0| 0.932(0.031) | 1.0(0.02,0.009) | 1.0(0.069) |0.468(0.004) |0.977(0.3,+0.002-0.002) |0.943(0.016)| 1.0(+0.0-0.0)| 26025.526(+0.009-0.009,+0.309-0.309)
 5 : 8137.579( 41.948)|6908.68 |1228.9 |11145.0 |9336.0| 0.946(0.013) |1809.0| 0.932(0.031) | 1.0(0.02,0.009) | 1.0(0.069) |0.458(0.006) |0.969(0.3,+0.002-0.002) |0.944(0.016)| 1.0(+0.0-0.0)| 4664.993(+0.023-0.023,+0.309-0.309)
 6 : 490.228( 9.989)|427.853 |62.375 |549.0 |485.0| 0.946(0.013) |64.0| 0.932(0.031) | 1.0(0.02,0.008) | 1.0(0.068) |0.458(0.024) |0.978(0.3,+0.003-0.003) |0.944(0.015)| 1.0(+0.0-0.0)| 232.141(+0.101-0.101,+0.31-0.31)
 7 : 3468.222( 27.085)|3180.676 |287.546 |4648.0 |4208.0| 0.974(0.006) |440.0| 0.916(0.039) | 1.0(0.02,0.008) | 1.0(0.067) |0.464(0.009) |0.985(0.3,+0.002-0.002) |0.968(0.009)| 1.0(+0.0-0.0)| 2055.845(+0.033-0.033,+0.308-0.308)
 8 : 148.025( 5.573)|138.805 |9.22 |202.0 |196.0| 0.974(0.006) |6.0| 0.916(0.039) | 1.0(0.02,0.008) | 1.0(0.066) |0.439(0.043) |0.984(0.3,+0.004-0.004) |0.972(0.007)| 1.0(+0.0-0.0)| 84.866(+0.167-0.167,+0.311-0.311)
 9 : 595.258( 11.185)|576.047 |19.211 |695.0 |673.0| 0.974(0.006) |22.0| 0.916(0.039) | 1.0(0.02,0.008) | 1.0(0.065) |0.579(0.021) |0.989(0.3,+0.002-0.002) |0.972(0.007)| 1.0(+0.0-0.0)| 386.793(+0.068-0.068,+0.309-0.309)
 10 : 23.042( 2.258)|22.845 |0.197 |45.0 |45.0| 0.974(0.006) |0.0| 0.916(0.039) | 1.0(0.02,0.007) | 1.0(0.063) |0.64(0.109) |0.991(0.3,+0.006-0.006) |0.974(0.006)| 1.0(+0.0-0.0)| 27.774(+0.249-0.249,+0.326-0.326)
 11 : 6388.301( 56.649)|5104.058 |1284.242 |11467.0 |8995.0| 0.932(0.017) |2472.0| 0.947(0.022) | 1.0(0.02,0.009) | 1.0(0.07) |0.472(0.01) |0.924(0.3,+0.008-0.008) |0.935(0.018)| 1.0(+0.0-0.0)| 4682.276(+0.023-0.023,+0.31-0.31)
 12 : 2234.249( 21.862)|1752.514 |481.734 |3337.0 |2601.0| 0.932(0.017) |736.0| 0.947(0.022) | 1.0(0.02,0.009) | 1.0(0.071) |0.438(0.011) |0.901(0.3,+0.01-0.01) |0.935(0.018)| 1.0(+0.0-0.0)| 1230.034(+0.047-0.047,+0.31-0.31)
 13 : 202.906( 6.359)|167.896 |35.01 |262.0 |215.0| 0.932(0.017) |47.0| 0.947(0.022) | 1.0(0.02,0.009) | 1.0(0.069) |0.477(0.037) |0.945(0.3,+0.008-0.008) |0.935(0.018)| 1.0(+0.0-0.0)| 110.325(+0.147-0.147,+0.312-0.312)
 14 : 5531.286( 46.987)|4560.449 |970.837 |9462.0 |7660.0| 0.946(0.013) |1802.0| 0.932(0.031) | 1.0(0.02,0.009) | 1.0(0.07) |0.459(0.01) |0.949(0.3,+0.006-0.006) |0.943(0.017)| 1.0(+0.0-0.0)| 3890.983(+0.025-0.025,+0.309-0.309)
 15 : 5159.162( 33.582)|4296.811 |862.351 |7664.0 |6299.0| 0.946(0.013) |1365.0| 0.932(0.031) | 1.0(0.02,0.009) | 1.0(0.069) |0.444(0.007) |0.928(0.3,+0.005-0.005) |0.943(0.016)| 1.0(+0.0-0.0)| 2980.092(+0.029-0.029,+0.309-0.309)
 16 : 466.641( 9.74)|401.017 |65.624 |540.0 |455.0| 0.946(0.013) |85.0| 0.932(0.031) | 1.0(0.02,0.009) | 1.0(0.069) |0.444(0.025) |0.932(0.3,+0.007-0.007) |0.944(0.016)| 1.0(+0.0-0.0)| 210.894(+0.11-0.11,+0.31-0.31)
 17 : 1015.504( 14.526)|929.169 |86.335 |1333.0 |1184.0| 0.974(0.006) |149.0| 0.916(0.039) | 1.0(0.02,0.008) | 1.0(0.067) |0.421(0.016) |0.966(0.3,+0.004-0.004) |0.967(0.01)| 1.0(+0.0-0.0)| 524.786(+0.07-0.07,+0.309-0.309)
 18 : 152.349( 5.614)|140.022 |12.327 |180.0 |165.0| 0.974(0.006) |15.0| 0.916(0.039) | 1.0(0.02,0.008) | 1.0(0.067) |0.399(0.043) |0.952(0.3,+0.008-0.008) |0.969(0.009)| 1.0(+0.0-0.0)| 66.314(+0.202-0.202,+0.311-0.311)
 19 : 199.097( 6.423)|192.882 |6.215 |260.0 |248.0| 0.974(0.006) |12.0| 0.916(0.039) | 1.0(0.02,0.008) | 1.0(0.065) |0.522(0.036) |0.969(0.3,+0.005-0.005) |0.971(0.008)| 1.0(+0.0-0.0)| 127.681(+0.126-0.126,+0.31-0.31)
 20 : 25.458( 2.307)|24.642 |0.817 |29.0 |28.0| 0.974(0.006) |1.0| 0.916(0.039) | 1.0(0.02,0.008) | 1.0(0.065) |0.467(0.104) |0.951(0.3,+0.019-0.019) |0.972(0.007)| 1.0(+0.0-0.0)| 12.507(+0.431-0.431,+0.326-0.326)
 21 : 334.707( 12.723)|257.464 |77.243 |665.0 |515.0| 0.932(0.017) |150.0| 0.947(0.022) | 1.0(0.02,0.009) | 1.0(0.07) |0.516(0.044) |0.907(0.3,+0.038-0.038) |0.935(0.018)| 1.0(+0.0-0.0)| 291.532(+0.088-0.088,+0.315-0.315)
 22 : 429.649( 10.043)|329.002 |100.648 |754.0 |573.0| 0.932(0.017) |181.0| 0.947(0.022) | 1.0(0.02,0.009) | 1.0(0.071) |0.445(0.026) |0.871(0.3,+0.025-0.025) |0.936(0.019)| 1.0(+0.0-0.0)| 273.469(+0.1-0.1,+0.312-0.312)
 23 : 60.149( 3.422)|48.011 |12.138 |92.0 |75.0| 0.932(0.017) |17.0| 0.947(0.022) | 1.0(0.02,0.009) | 1.0(0.071) |0.494(0.067) |0.888(0.3,+0.033-0.033) |0.935(0.018)| 1.0(+0.0-0.0)| 37.745(+0.254-0.254,+0.318-0.318)
 24 : 249.038( 10.367)|196.116 |52.922 |457.0 |360.0| 0.946(0.013) |97.0| 0.932(0.031) | 1.0(0.02,0.009) | 1.0(0.071) |0.488(0.047) |0.973(0.3,+0.016-0.016) |0.943(0.017)| 1.0(+0.0-0.0)| 204.708(+0.104-0.104,+0.314-0.314)
 25 : 816.214( 13.578)|669.053 |147.161 |1431.0 |1152.0| 0.946(0.013) |279.0| 0.932(0.031) | 1.0(0.02,0.009) | 1.0(0.07) |0.436(0.019) |0.893(0.3,+0.014-0.014) |0.943(0.017)| 1.0(+0.0-0.0)| 525.537(+0.072-0.072,+0.31-0.31)
 26 : 147.68( 5.476)|122.715 |24.965 |199.0 |165.0| 0.946(0.013) |34.0| 0.932(0.031) | 1.0(0.02,0.009) | 1.0(0.07) |0.435(0.043) |0.888(0.3,+0.016-0.016) |0.943(0.016)| 1.0(+0.0-0.0)| 72.522(+0.195-0.195,+0.313-0.313)
 27 : 106.969( 4.692)|99.267 |7.702 |165.0 |143.0| 0.974(0.006) |22.0| 0.916(0.039) | 1.0(0.02,0.009) | 1.0(0.067) |0.388(0.049) |0.929(0.3,+0.022-0.022) |0.966(0.01)| 1.0(+0.0-0.0)| 57.532(+0.223-0.223,+0.313-0.313)
 28 : 46.125( 3.073)|41.532 |4.592 |68.0 |62.0| 0.974(0.006) |6.0| 0.916(0.039) | 1.0(0.02,0.008) | 1.0(0.066) |0.381(0.078) |0.872(0.3,+0.03-0.03) |0.969(0.009)| 1.0(+0.0-0.0)| 21.865(+0.377-0.377,+0.319-0.319)
 29 : 27.822( 2.387)|26.625 |1.197 |29.0 |28.0| 0.974(0.006) |1.0| 0.916(0.039) | 1.0(0.02,0.008) | 1.0(0.064) |0.412(0.098) |0.943(0.3,+0.019-0.019) |0.972(0.007)| 1.0(+0.0-0.0)| 10.953(+0.492-0.492,+0.323-0.323)
 30 : 7.112( 1.276)|6.917 |0.195 |16.0 |16.0| 0.974(0.006) |0.0| 0.916(0.039) | 1.0(0.02,0.007) | 1.0(0.063) |0.436(0.206) |0.852(0.3,+0.13-0.13) |0.974(0.006)| 1.0(+0.0-0.0)| 5.784(+0.749-0.749,+0.392-0.392)
 31 : 33.54( 3.039)|26.789 |6.75 |66.0 |46.0| 0.932(0.017) |20.0| 0.947(0.022) | 1.0(0.02,0.01) | 1.0(0.07) |0.445(0.026) |0.922(0.3,+0.047-0.047) |0.937(0.019)| 1.0(+0.0-0.0)| 25.361(+0.32-0.32,+0.314-0.314)
 32 : 10.413( 1.425)|8.508 |1.905 |22.0 |15.0| 0.932(0.017) |7.0| 0.947(0.022) | 1.0(0.02,0.01) | 1.0(0.07) |0.494(0.067) |0.762(0.3,+0.126-0.126) |0.937(0.019)| 1.0(+0.0-0.0)| 7.763(+0.604-0.604,+0.34-0.34)
 33 : 54.452( 3.522)|43.884 |10.567 |114.0 |84.0| 0.946(0.013) |30.0| 0.932(0.031) | 1.0(0.02,0.01) | 1.0(0.071) |0.436(0.019) |0.948(0.3,+0.025-0.025) |0.942(0.018)| 1.0(+0.0-0.0)| 44.437(+0.24-0.24,+0.311-0.311)
 34 : 22.485( 2.149)|18.074 |4.411 |39.0 |30.0| 0.946(0.013) |9.0| 0.932(0.031) | 1.0(0.02,0.009) | 1.0(0.071) |0.435(0.043) |0.862(0.3,+0.036-0.036) |0.943(0.017)| 1.0(+0.0-0.0)| 13.78(+0.453-0.453,+0.315-0.315)
 35 : 6.173( 1.115)|5.115 |1.058 |13.0 |12.0| 0.974(0.006) |1.0| 0.916(0.039) | 1.0(0.02,0.008) | 1.0(0.071) |0.388(0.049) |0.81(0.3,+0.176-0.176) |0.969(0.009)| 1.0(+0.0-0.0)| 3.964(+0.91-0.91,+0.359-0.359)
 36 : 6.914( 1.173)|6.168 |0.746 |13.0 |12.0| 0.974(0.006) |1.0| 0.916(0.039) | 1.0(0.02,0.008) | 1.0(0.064) |0.381(0.078) |0.772(0.3,+0.077-0.077) |0.969(0.009)| 1.0(+0.0-0.0)| 3.706(+0.973-0.973,+0.327-0.327)
 37 : 1.228( 0.501)|1.03 |0.197 |5.0 |5.0| 0.974(0.006) |0.0| 0.916(0.039) | 1.0(0.02,0.007) | 1.0(0.064) |0.412(0.098) |0.838(0.3,+0.124-0.124) |0.974(0.006)| 1.0(+0.0-0.0)| 1.682(+1.659-1.659,+0.346-0.346)
 38 : 0.623( 0.36)|0.623 |0.0 |1.0 |1.0| 0.974(0.006) |0.0| 0.916(0.039) | 1.0(0.02,0.007) | 1.0(0.055) |0.436(0.206) |0.898(0.3,+0.114-0.125) |0.974(0.006)| 1.0(+0.0-0.0)| 0.381(+5.108-5.108,+0.386-0.389)
 39 : 0.911( 0.418)|0.504 |0.407 |6.0 |3.0| 0.932(0.017) |3.0| 0.947(0.022) | 1.0(0.02,0.011) | 1.0(0.069) |0.445(0.026) |0.922(0.3,+0.047-0.047) |0.94(0.02)| 1.0(+0.0-0.0)| 2.313(+1.059-1.059,+0.314-0.314)
 40 : 1.187( 0.486)|1.017 |0.17 |4.0 |3.0| 0.932(0.017) |1.0| 0.947(0.022) | 1.0(0.02,0.009) | 1.0(0.069) |0.494(0.067) |0.762(0.3,+0.126-0.126) |0.936(0.019)| 1.0(+0.0-0.0)| 1.41(+1.419-1.419,+0.34-0.34)
 41 : 1.178( 0.459)|0.896 |0.282 |3.0 |3.0| 0.946(0.013) |0.0| 0.932(0.031) | 1.0(0.02,0.007) | 1.0(0.058) |0.436(0.019) |0.948(0.3,+0.025-0.025) |0.946(0.013)| 1.0(+0.0-0.0)| 1.174(+2.049-2.049,+0.308-0.308)
 42 : 3.695( 0.871)|3.695 |0.0 |5.0 |2.0| 0.946(0.013) |3.0| 0.932(0.031) | 1.0(0.02,0.012) | 1.0(0.06) |0.435(0.043) |0.862(0.3,+0.036-0.036) |0.937(0.024)| 1.0(+0.0-0.0)| 1.757(+1.273-1.273,+0.313-0.313)
 43 : 0.201( 0.201)|0.201 |0.0 |0.0 |0.0| 0.974(0.006) |0.0| 0.916(0.039) | 1.0(0.02,0.0) | 1.0(0.071) |0.388(0.049) |0.81(0.3,+0.176-0.176) |1.0(0.0)| 1.0(+0.0-0.0)| 0.0(+0.917-0.917,+0.359-0.359)
 44 : 0.815( 0.408)|0.618 |0.197 |1.0 |1.0| 0.974(0.006) |0.0| 0.916(0.039) | 1.0(0.02,0.007) | 1.0(0.061) |0.381(0.078) |0.772(0.3,+0.077-0.077) |0.974(0.006)| 1.0(+0.0-0.0)| 0.286(+6.797-6.797,+0.326-0.326)
 45 : 0.0( 0.0)|0.0 |0.0 |0.0 |0.0| 0.974(0.006) |0.0| 0.916(0.039) | 1.0(0.02,0.0) | 1.0(0.0) |0.412(0.098) |0.838(0.3,+0.124-0.124) |1.0(0.0)| 1.0(+0.0-0.0)| 0.0(+0.974-0.974,+0.34-0.34)
 46 : 0.206( 0.206)|0.206 |0.0 |1.0 |1.0| 0.974(0.006) |0.0| 0.916(0.039) | 1.0(0.02,0.007) | 1.0(0.058) |0.436(0.206) |0.898(0.3,+0.114-0.125) |0.974(0.006)| 1.0(+0.0-0.0)| 0.381(+5.108-5.108,+0.386-0.39)

binIndex
[1, 2, 3, 4, 5, 6, 7, 8, 9, 10, 11, 12, 13, 14, 15, 16, 17, 18, 19, 20, 21, 22, 23, 24, 25, 26, 27, 28, 29, 30, 31, 32, 33, 34, 35, 36, 37, 38, 39, 40, 41, 42, 43, 44, 45, 46]
------------------------------------------------------
nMCGJ
[37978.31250001537, 2875.065282342024, 211.4826228423044, 35500.82992147235, 8137.57941978029, 490.2281538210809, 3468.2219142187387, 148.02511717006564, 595.2579908138141, 23.04248060286045, 6388.30082652811, 2234.2485389951617, 202.90604422055185, 5531.28609977942, 5159.161514608655, 466.64108786266297, 1015.5039486270398, 152.34906516969204, 199.0967832338065, 25.458250775933266, 334.70670218393207, 429.64945442881435, 60.14904148504138, 249.0378977386281, 816.214115976356, 147.6800736039877, 106.9686838965863, 46.12483575195074, 27.8217541128397, 7.112217932939529, 33.53964392282069, 10.413382828235626, 54.45158176869154, 22.484719589352608, 6.17295827716589, 6.913880288600922, 1.2279047518968582, 0.6227508932352066, 0.9114461615681648, 1.1872311532497406, 1.1781387589871883, 3.695455625653267, 0.2009277492761612, 0.8152570575475693, 0.0, 0.20600661635398865]
------------------------------------------------------
nMCerr
[155.3021611425144, 24.382345563486545, 6.502899956630858, 125.8834729288074, 41.947810539473096, 9.988878071404162, 27.085120685010395, 5.572884634419022, 11.184606230024718, 2.258200680320837, 56.64899270006226, 21.862165893568918, 6.358998155199965, 46.98688473308205, 33.58167451605778, 9.73972973458484, 14.525567931917093, 5.614455128811031, 6.422515988813047, 2.3065346976725802, 12.722848576914139, 10.042963914471654, 3.4221740816371966, 10.366593989762288, 13.578237833364517, 5.47615853724872, 4.691775452457225, 3.072613228328603, 2.3871365863289586, 1.2759893170575964, 3.0392844542711246, 1.4247391727595633, 3.5220148740673807, 2.149233382775533, 1.1146836616122857, 1.1732386314760317, 0.5013999954437932, 0.3595661462481259, 0.41833009944098276, 0.4856552156570433, 0.4588892442375023, 0.8712709620466527, 0.2009277492761612, 0.4077283860151991, 0.0, 0.20600661635398865]
------------------------------------------------------
nMCEBt
[30492.242563246284, 2319.925362145528, 175.898215059191, 29607.69592459267, 6908.679792932933, 427.85312673822045, 3180.676400853321, 138.80481357127428, 576.0469308523461, 22.844993978738785, 5104.058457156643, 1752.5141038438305, 167.89558750204742, 4560.449089108966, 4296.810840771999, 401.0173419220373, 929.1693019978702, 140.0222468972206, 192.881565509364, 24.641591176390648, 257.4638107307255, 329.001818921417, 48.010635547339916, 196.11630543880165, 669.0531763285398, 122.71490186452866, 99.26664549671113, 41.53246142342687, 26.624953851103783, 6.917474180459976, 26.78916090913117, 8.508405610918999, 43.884369410574436, 18.073713704943657, 5.115020364522934, 6.1681472808122635, 1.0304181277751923, 0.6227508932352066, 0.5044343397021294, 1.0172515958547592, 0.895815085619688, 3.695455625653267, 0.2009277492761612, 0.6177704334259033, 0.0, 0.20600661635398865]
------------------------------------------------------
nMCECt
[7486.069936769083, 555.139920196496, 35.58440778311342, 5893.133996879682, 1228.8996268473566, 62.37502708286047, 287.5455133654177, 9.22030359879136, 19.21105996146798, 0.19748662412166595, 1284.2423693714663, 481.7344351513311, 35.01045671850443, 970.8370106704533, 862.3506738366559, 65.62374594062567, 86.33464662916958, 12.326818272471428, 6.215217724442482, 0.8166595995426178, 77.24289145320654, 100.64763550739735, 12.138405937701464, 52.92159229982644, 147.16093964781612, 24.965171739459038, 7.702038399875164, 4.592374328523874, 1.1968002617359161, 0.19474375247955322, 6.750483013689518, 1.9049772173166275, 10.567212358117104, 4.411005884408951, 1.0579379126429558, 0.7457330077886581, 0.19748662412166595, 0.0, 0.40701182186603546, 0.16997955739498138, 0.2823236733675003, 0.0, 0.0, 0.19748662412166595, 0.0, 0.0]
------------------------------------------------------
Nobs
[69843.0, 3819.0, 250.0, 60349.0, 11145.0, 549.0, 4648.0, 202.0, 695.0, 45.0, 11467.0, 3337.0, 262.0, 9462.0, 7664.0, 540.0, 1333.0, 180.0, 260.0, 29.0, 665.0, 754.0, 92.0, 457.0, 1431.0, 199.0, 165.0, 68.0, 29.0, 16.0, 66.0, 22.0, 114.0, 39.0, 13.0, 13.0, 5.0, 1.0, 6.0, 4.0, 3.0, 5.0, 0.0, 1.0, 0.0, 1.0]
------------------------------------------------------
nEB
[55117.0, 3054.0, 210.0, 49131.0, 9336.0, 485.0, 4208.0, 196.0, 673.0, 45.0, 8995.0, 2601.0, 215.0, 7660.0, 6299.0, 455.0, 1184.0, 165.0, 248.0, 28.0, 515.0, 573.0, 75.0, 360.0, 1152.0, 165.0, 143.0, 62.0, 28.0, 16.0, 46.0, 15.0, 84.0, 30.0, 12.0, 12.0, 5.0, 1.0, 3.0, 3.0, 3.0, 2.0, 0.0, 1.0, 0.0, 1.0]
------------------------------------------------------
pEB
[0.9320274834113333, 0.9320274834113333, 0.9320274834113333, 0.945903291095, 0.945903291095, 0.945903291095, 0.9736938879303333, 0.9736938879303333, 0.9736938879303333, 0.9736938879303333, 0.9320274834113333, 0.9320274834113333, 0.9320274834113333, 0.945903291095, 0.945903291095, 0.945903291095, 0.9736938879303333, 0.9736938879303333, 0.9736938879303333, 0.9736938879303333, 0.9320274834113333, 0.9320274834113333, 0.9320274834113333, 0.945903291095, 0.945903291095, 0.945903291095, 0.9736938879303333, 0.9736938879303333, 0.9736938879303333, 0.9736938879303333, 0.9320274834113333, 0.9320274834113333, 0.945903291095, 0.945903291095, 0.9736938879303333, 0.9736938879303333, 0.9736938879303333, 0.9736938879303333, 0.9320274834113333, 0.9320274834113333, 0.945903291095, 0.945903291095, 0.9736938879303333, 0.9736938879303333, 0.9736938879303333, 0.9736938879303333]
------------------------------------------------------
pEBerr
[0.01728124132925916, 0.01728124132925916, 0.01728124132925916, 0.013273454040386767, 0.013273454040386767, 0.013273454040386767, 0.006239322864854984, 0.006239322864854984, 0.006239322864854984, 0.006239322864854984, 0.01728124132925916, 0.01728124132925916, 0.01728124132925916, 0.013273454040386767, 0.013273454040386767, 0.013273454040386767, 0.006239322864854984, 0.006239322864854984, 0.006239322864854984, 0.006239322864854984, 0.01728124132925916, 0.01728124132925916, 0.01728124132925916, 0.013273454040386767, 0.013273454040386767, 0.013273454040386767, 0.006239322864854984, 0.006239322864854984, 0.006239322864854984, 0.006239322864854984, 0.01728124132925916, 0.01728124132925916, 0.013273454040386767, 0.013273454040386767, 0.006239322864854984, 0.006239322864854984, 0.006239322864854984, 0.006239322864854984, 0.01728124132925916, 0.01728124132925916, 0.013273454040386767, 0.013273454040386767, 0.006239322864854984, 0.006239322864854984, 0.006239322864854984, 0.006239322864854984]
------------------------------------------------------
nEC
[14726.0, 765.0, 40.0, 11218.0, 1809.0, 64.0, 440.0, 6.0, 22.0, 0.0, 2472.0, 736.0, 47.0, 1802.0, 1365.0, 85.0, 149.0, 15.0, 12.0, 1.0, 150.0, 181.0, 17.0, 97.0, 279.0, 34.0, 22.0, 6.0, 1.0, 0.0, 20.0, 7.0, 30.0, 9.0, 1.0, 1.0, 0.0, 0.0, 3.0, 1.0, 0.0, 3.0, 0.0, 0.0, 0.0, 0.0]
------------------------------------------------------
pEC
[0.9473740980093334, 0.9473740980093334, 0.9473740980093334, 0.931639983517, 0.931639983517, 0.931639983517, 0.9158964067776667, 0.9158964067776667, 0.9158964067776667, 0.9158964067776667, 0.9473740980093334, 0.9473740980093334, 0.9473740980093334, 0.931639983517, 0.931639983517, 0.931639983517, 0.9158964067776667, 0.9158964067776667, 0.9158964067776667, 0.9158964067776667, 0.9473740980093334, 0.9473740980093334, 0.9473740980093334, 0.931639983517, 0.931639983517, 0.931639983517, 0.9158964067776667, 0.9158964067776667, 0.9158964067776667, 0.9158964067776667, 0.9473740980093334, 0.9473740980093334, 0.931639983517, 0.931639983517, 0.9158964067776667, 0.9158964067776667, 0.9158964067776667, 0.9158964067776667, 0.9473740980093334, 0.9473740980093334, 0.931639983517, 0.931639983517, 0.9158964067776667, 0.9158964067776667, 0.9158964067776667, 0.9158964067776667]
------------------------------------------------------
pECerr
[0.022336472652282866, 0.022336472652282866, 0.022336472652282866, 0.03073498411468458, 0.03073498411468458, 0.03073498411468458, 0.039308266259424456, 0.039308266259424456, 0.039308266259424456, 0.039308266259424456, 0.022336472652282866, 0.022336472652282866, 0.022336472652282866, 0.03073498411468458, 0.03073498411468458, 0.03073498411468458, 0.039308266259424456, 0.039308266259424456, 0.039308266259424456, 0.039308266259424456, 0.022336472652282866, 0.022336472652282866, 0.022336472652282866, 0.03073498411468458, 0.03073498411468458, 0.03073498411468458, 0.039308266259424456, 0.039308266259424456, 0.039308266259424456, 0.039308266259424456, 0.022336472652282866, 0.022336472652282866, 0.03073498411468458, 0.03073498411468458, 0.039308266259424456, 0.039308266259424456, 0.039308266259424456, 0.039308266259424456, 0.022336472652282866, 0.022336472652282866, 0.03073498411468458, 0.03073498411468458, 0.039308266259424456, 0.039308266259424456, 0.039308266259424456, 0.039308266259424456]
------------------------------------------------------
trigW
[1.0, 1.0, 1.0, 1.0, 1.0, 1.0, 1.0, 1.0, 1.0, 1.0, 1.0, 1.0, 1.0, 1.0, 1.0, 1.0, 1.0, 1.0, 1.0, 1.0, 1.0, 1.0, 1.0, 1.0, 1.0, 1.0, 1.0, 1.0, 1.0, 1.0, 1.0, 1.0, 1.0, 1.0, 1.0, 1.0, 1.0, 1.0, 1.0, 1.0, 1.0, 1.0, 1.0, 1.0, 1.0, 1.0]
------------------------------------------------------
trigWsysErr
[0.02, 0.02, 0.02, 0.02, 0.02, 0.02, 0.02, 0.02, 0.02, 0.02, 0.02, 0.02, 0.02, 0.02, 0.02, 0.02, 0.02, 0.02, 0.02, 0.02, 0.02, 0.02, 0.02, 0.02, 0.02, 0.02, 0.02, 0.02, 0.02, 0.02, 0.02, 0.02, 0.02, 0.02, 0.02, 0.02, 0.02, 0.02, 0.02, 0.02, 0.02, 0.02, 0.02, 0.02, 0.02, 0.02]
------------------------------------------------------
trigWerr
[0.00910738331787008, 0.009025763534956793, 0.008713284399999998, 0.008913924721370692, 0.008731227703903095, 0.00837669790528233, 0.008206862065404476, 0.0077033403960396025, 0.007718468244604318, 0.00747311, 0.009144052223772564, 0.009182670155828588, 0.008863572709923663, 0.008949274043542592, 0.008853621201722338, 0.008693188981481482, 0.008339510907726931, 0.008119034166666667, 0.007830852615384614, 0.007740388965517242, 0.009221476165413533, 0.009333782798408487, 0.008905376630434782, 0.00911830853391685, 0.008984328805031448, 0.008797416834170855, 0.008506588666666667, 0.008157029705882352, 0.007740388965517242, 0.00747311, 0.009821925151515152, 0.009939365909090909, 0.00951287052631579, 0.009261823076923078, 0.008069347692307691, 0.008069347692307691, 0.00747311, 0.00747311, 0.011348655, 0.0094108825, 0.007473110000000001, 0.012123764, 0.0, 0.00747311, 0.0, 0.00747311]
------------------------------------------------------
SF
[1.0, 1.0, 1.0, 1.0, 1.0, 1.0, 1.0, 1.0, 1.0, 1.0, 1.0, 1.0, 1.0, 1.0, 1.0, 1.0, 1.0, 1.0, 1.0, 1.0, 1.0, 1.0, 1.0, 1.0, 1.0, 1.0, 1.0, 1.0, 1.0, 1.0, 1.0, 1.0, 1.0, 1.0, 1.0, 1.0, 1.0, 1.0, 1.0, 1.0, 1.0, 1.0, 1.0, 1.0, 1.0, 1.0]
------------------------------------------------------
SFerr
[0.07028955078399224, 0.07021783301577855, 0.06772614358737249, 0.06922521474958926, 0.06891558143744182, 0.06774212164944984, 0.06672474346847489, 0.06599246186700809, 0.0651132177801648, 0.06323768455924662, 0.07047962502364996, 0.07080287157283785, 0.06932618979542202, 0.06961417076650613, 0.06942626790737783, 0.06870148662280622, 0.06687865375123693, 0.06744222889312199, 0.06511056237187787, 0.06481020692313703, 0.07020904913347803, 0.07116148627165185, 0.07134565770610957, 0.07144381018673183, 0.06966768369668563, 0.06996415886436395, 0.06674226630736099, 0.06620801952852297, 0.06404140627833753, 0.0625609774074885, 0.07007996573174659, 0.06961828070608637, 0.07138295335147034, 0.07050930818113536, 0.07056730719126994, 0.06383313363453522, 0.06393629842604293, 0.05505654265815452, 0.06937799261596735, 0.06869629038586877, 0.05804910370214981, 0.05988981005829738, 0.07104384320520242, 0.06124503785681388, 0.0, 0.05788722432787413]
------------------------------------------------------
ZgR
[0.45953042259201743, 0.45073588814027715, 0.5116970811622018, 0.4680113799617062, 0.45796298409741387, 0.4580919610701052, 0.46371906382541445, 0.43928442873362405, 0.5787719327178953, 0.6396633323178913, 0.47225048181450663, 0.4375413785704451, 0.47686342581659613, 0.4593227596178719, 0.44395359285223873, 0.4439321080342341, 0.4213182469450064, 0.39938806388016657, 0.5219659106344774, 0.46687840148165977, 0.5164673050802272, 0.44497880616024804, 0.4939719958034055, 0.488284738854684, 0.4362955250400113, 0.4347501598275315, 0.3884339627197804, 0.380821646556563, 0.41226997666699916, 0.43597402174362365, 0.44497880616024804, 0.4939719958034055, 0.4362955250400113, 0.4347501598275315, 0.3884339627197804, 0.380821646556563, 0.41226997666699916, 0.43597402174362365, 0.44497880616024804, 0.4939719958034055, 0.4362955250400113, 0.4347501598275315, 0.3884339627197804, 0.380821646556563, 0.41226997666699916, 0.43597402174362365]
------------------------------------------------------
REr1
[0.004672316376245377, 0.009458982334721306, 0.036002347143532766, 0.003981263548907868, 0.005679561742241948, 0.02389794286017763, 0.00850004523026372, 0.043315696767160725, 0.020528452077074103, 0.1086119360254714, 0.010145682524612938, 0.010979431566409882, 0.0369530674648977, 0.009578919486471079, 0.007229277083568626, 0.02450472887298985, 0.01581257198127495, 0.04288111038547696, 0.03626500041031933, 0.10447976231121643, 0.04389606981682953, 0.026364580439543834, 0.06653247198658555, 0.04724723341944813, 0.018662364625270787, 0.04345601406144572, 0.04883618775486155, 0.07765957585358764, 0.09831629410061299, 0.205722055228333, 0.026364580439543834, 0.06653247198658555, 0.018662364625270787, 0.04345601406144572, 0.04883618775486155, 0.07765957585358764, 0.09831629410061299, 0.205722055228333, 0.026364580439543834, 0.06653247198658555, 0.018662364625270787, 0.04345601406144572, 0.04883618775486155, 0.07765957585358764, 0.09831629410061299, 0.205722055228333]
------------------------------------------------------
f
[0.969432907698, 0.973145158757, 0.979263771362, 0.976889210827, 0.968630268912, 0.977559820541, 0.985131528509, 0.983965826053, 0.989420643321, 0.990962172524, 0.924415581298, 0.900613686123, 0.944646618266, 0.949206308714, 0.928448449434, 0.932263077866, 0.966073435266, 0.95206802902, 0.968901223366, 0.950653869399, 0.907367595812, 0.871073319118, 0.888424582686, 0.972950074516, 0.892513261282, 0.888482999934, 0.929254115212, 0.871710694575, 0.942829884842, 0.851514476336, 0.921928773995, 0.762406001333, 0.948291436198, 0.86223639719, 0.809934607131, 0.772346396222, 0.837954268482, 0.897608048896, 0.921928773995, 0.762406001333, 0.948291436198, 0.86223639719, 0.809934607131, 0.772346396222, 0.837954268482, 0.897608048896]
------------------------------------------------------
fsysErr
[0.3, 0.3, 0.3, 0.3, 0.3, 0.3, 0.3, 0.3, 0.3, 0.3, 0.3, 0.3, 0.3, 0.3, 0.3, 0.3, 0.3, 0.3, 0.3, 0.3, 0.3, 0.3, 0.3, 0.3, 0.3, 0.3, 0.3, 0.3, 0.3, 0.3, 0.3, 0.3, 0.3, 0.3, 0.3, 0.3, 0.3, 0.3, 0.3, 0.3, 0.3, 0.3, 0.3, 0.3, 0.3, 0.3]
------------------------------------------------------
ferrUp
[0.002250200779804311, 0.003972962859578311, 0.0049004880203068635, 0.00167757407817274, 0.002384757431114161, 0.003165890683484979, 0.0020279042173623305, 0.004365766789860662, 0.0015852519632553635, 0.005836579925849714, 0.007787383961985988, 0.009812669869390639, 0.008344398899282767, 0.006063123069459132, 0.004721424548926035, 0.0072158929819024, 0.004291138046921409, 0.007853669233296907, 0.004964086894906463, 0.01885866658054425, 0.038399414046210986, 0.02546383174134997, 0.032584517665053776, 0.01571095890845592, 0.013587914068503917, 0.016126979345428533, 0.02199867618766077, 0.029982614856116467, 0.018523126276620575, 0.13040434315902827, 0.04748179544294971, 0.12551371208357517, 0.02476476642851025, 0.03636481466368751, 0.17565094320631955, 0.07720069804942994, 0.1237737145726204, 0.1140720064062878, 0.04748179544294971, 0.12551371208357517, 0.02476476642851025, 0.03636481466368751, 0.17565094320631955, 0.07720069804942994, 0.1237737145726204, 0.1140720064062878]
------------------------------------------------------
ferrDn
[0.002250200779804311, 0.003972962859578311, 0.0049004880203068635, 0.00167757407817274, 0.002384757431114161, 0.003165890683484979, 0.0020279042173623305, 0.004365766789860662, 0.0015852519632553635, 0.005836579925849714, 0.007787383961985988, 0.009812669869390639, 0.008344398899282767, 0.006063123069459132, 0.004721424548926035, 0.0072158929819024, 0.004291138046921409, 0.007853669233296907, 0.004964086894906463, 0.01885866658054425, 0.038399414046210986, 0.02546383174134997, 0.032584517665053776, 0.01571095890845592, 0.013587914068503917, 0.016126979345428533, 0.02199867618766077, 0.029982614856116467, 0.018523126276620575, 0.13040434315902827, 0.04748179544294971, 0.12551371208357517, 0.02476476642851025, 0.03636481466368751, 0.17565094320631955, 0.07720069804942994, 0.1237737145726204, 0.1254040169854159, 0.04748179544294971, 0.12551371208357517, 0.02476476642851025, 0.03636481466368751, 0.17565094320631955, 0.07720069804942994, 0.1237737145726204, 0.1254040169854159]
------------------------------------------------------
purity
[0.9352632299653209, 0.9351016285193381, 0.9344829417470133, 0.9432519499889336, 0.943588143189338, 0.9442405375704244, 0.9682225256869657, 0.9719771310644125, 0.9718643273758603, 0.9736938879303333, 0.9353358318273319, 0.9354122926244374, 0.9347805020605928, 0.9431869012983867, 0.9433629185944821, 0.9436581408280925, 0.9672334042906129, 0.9688774311676112, 0.9710263118771333, 0.971700871338862, 0.9354891258018597, 0.9357114850588637, 0.9348632708913985, 0.9428758494427769, 0.9431223946489748, 0.9434663440716231, 0.9659875571099777, 0.9685941101815686, 0.971700871338862, 0.9736938879303333, 0.9366779726834547, 0.9369104971470605, 0.9421497891007895, 0.9426117585770001, 0.9692479278416666, 0.9692479278416666, 0.9736938879303333, 0.9736938879303333, 0.9397007907103333, 0.9358641370608334, 0.945903291095, 0.9373453065482, 1.0, 0.9736938879303333, 1.0, 0.9736938879303333]
------------------------------------------------------
pErr
[0.01836091022559365, 0.018307166070364676, 0.018101236216429555, 0.016479339938702854, 0.016071832404124922, 0.015281878045343903, 0.009200593150303915, 0.0071648955041618, 0.007225826996952939, 0.006239322864854984, 0.01838504954375301, 0.018410467864075693, 0.018200313172773614, 0.01655822049963663, 0.01634480021852262, 0.015987023172506006, 0.009739511949102343, 0.008844376013366587, 0.007678928619043824, 0.00731414371816071, 0.018436005791555788, 0.01850989026500466, 0.01822786102532883, 0.01693556448155746, 0.016636454505915874, 0.016219434375934913, 0.010419877256484963, 0.008998421254679942, 0.00731414371816071, 0.006239322864854984, 0.018830622567592433, 0.01890768787430027, 0.017817334144444166, 0.017256134512835006, 0.0086430681225483, 0.0086430681225483, 0.006239322864854984, 0.006239322864854984, 0.019829496721945325, 0.0185605924191297, 0.013273454040386767, 0.02368660241396145, 0.0, 0.006239322864854984, 0.0, 0.006239322864854984]
------------------------------------------------------
DR
[1.0, 1.0, 1.0, 1.0, 1.0, 1.0, 1.0, 1.0, 1.0, 1.0, 1.0, 1.0, 1.0, 1.0, 1.0, 1.0, 1.0, 1.0, 1.0, 1.0, 1.0, 1.0, 1.0, 1.0, 1.0, 1.0, 1.0, 1.0, 1.0, 1.0, 1.0, 1.0, 1.0, 1.0, 1.0, 1.0, 1.0, 1.0, 1.0, 1.0, 1.0, 1.0, 1.0, 1.0, 1.0, 1.0]
------------------------------------------------------
DRup
[0.0, 0.0, 0.0, 0.0, 0.0, 0.0, 0.0, 0.0, 0.0, 0.0, 0.0, 0.0, 0.0, 0.0, 0.0, 0.0, 0.0, 0.0, 0.0, 0.0, 0.0, 0.0, 0.0, 0.0, 0.0, 0.0, 0.0, 0.0, 0.0, 0.0, 0.0, 0.0, 0.0, 0.0, 0.0, 0.0, 0.0, 0.0, 0.0, 0.0, 0.0, 0.0, 0.0, 0.0, 0.0, 0.0]
------------------------------------------------------
DRlow
[0.0, 0.0, 0.0, 0.0, 0.0, 0.0, 0.0, 0.0, 0.0, 0.0, 0.0, 0.0, 0.0, 0.0, 0.0, 0.0, 0.0, 0.0, 0.0, 0.0, 0.0, 0.0, 0.0, 0.0, 0.0, 0.0, 0.0, 0.0, 0.0, 0.0, 0.0, 0.0, 0.0, 0.0, 0.0, 0.0, 0.0, 0.0, 0.0, 0.0, 0.0, 0.0, 0.0, 0.0, 0.0, 0.0]
------------------------------------------------------
Yield
[29099.717463259265, 1566.4200616899814, 117.06417643779253, 26025.526027370408, 4664.9926166620435, 232.14054479880528, 2055.8454860554184, 84.86590380540721, 386.7932400776925, 27.774323558714705, 4682.276446258965, 1230.0335370872654, 110.32509881974921, 3890.9825749864162, 2980.0919716778003, 210.89364459925008, 524.7855219007171, 66.31387521200274, 127.68091629610699, 12.507104933488241, 291.53217195791035, 273.46852237989293, 37.74494704636057, 204.70781299676764, 525.5367941349685, 72.52176439936443, 57.53169441567114, 21.864761134836165, 10.953316543012066, 5.783557717901454, 25.361266584699848, 7.762639548028791, 44.43727240188864, 13.78045515045513, 3.964107149945995, 3.706056060015387, 1.6818779407409643, 0.38103932046324207, 2.3130101523271036, 1.4098127417044677, 1.1740607742468687, 1.7568541764129244, 0.0, 0.2863889088490536, 0.0, 0.38103932046324207]
------------------------------------------------------
YstatUp
[0.009081815408581833, 0.039451779081052324, 0.1350659850175772, 0.009439207274820347, 0.022630235617445073, 0.10093346273494465, 0.033162143098141104, 0.16747209145548908, 0.06815748033143705, 0.2488972088958335, 0.02287008901428478, 0.04696357515010294, 0.1467156089538995, 0.024999549692097237, 0.029376366684303868, 0.11018776844319912, 0.06957179838883715, 0.20231675229515741, 0.12628759226008732, 0.43056845175381264, 0.08845539668321173, 0.10041031485644551, 0.2541178037644189, 0.10442961611225607, 0.07198080336319959, 0.1945172748691359, 0.22327227989944615, 0.3771461851507261, 0.4916469624508478, 0.7494723296828575, 0.3203325187842589, 0.6042294931772907, 0.24027303376022516, 0.4531779197577624, 0.9095493989139798, 0.972880932472732, 1.6593713579797587, 5.108422129509542, 1.0590051843563086, 1.4186281204849902, 2.049308990490517, 1.272768114463151, 0.9173787255349466, 6.796735616230329, 0.9736731132440551, 5.108422129509542]
------------------------------------------------------
YstatLow
[0.009081815408581833, 0.039451779081052324, 0.1350659850175772, 0.009439207274820347, 0.022630235617445073, 0.10093346273494465, 0.033162143098141104, 0.16747209145548908, 0.06815748033143705, 0.2488972088958335, 0.02287008901428478, 0.04696357515010294, 0.1467156089538995, 0.024999549692097237, 0.029376366684303868, 0.11018776844319912, 0.06957179838883715, 0.20231675229515741, 0.12628759226008732, 0.43056845175381264, 0.08845539668321173, 0.10041031485644551, 0.2541178037644189, 0.10442961611225607, 0.07198080336319959, 0.1945172748691359, 0.22327227989944615, 0.3771461851507261, 0.4916469624508478, 0.7494723296828575, 0.3203325187842589, 0.6042294931772907, 0.24027303376022516, 0.4531779197577624, 0.9095493989139798, 0.972880932472732, 1.6593713579797587, 5.108422129509542, 1.0590051843563086, 1.4186281204849902, 2.049308990490517, 1.272768114463151, 0.9173787255349466, 6.796735616230329, 0.9736731132440551, 5.108422129509542]
------------------------------------------------------
YsysUp
[0.30949569035528673, 0.3096004160059233, 0.3109832638350435, 0.30913075189976486, 0.30906607705876354, 0.3096350019728488, 0.3083513548772619, 0.3110642887092625, 0.3085051844393993, 0.32607422404067865, 0.30976213374803135, 0.3099244259309224, 0.31153024427875, 0.3094008954470122, 0.30925733633179375, 0.31000580890917934, 0.3087160688418492, 0.31143709748399445, 0.30999913861696954, 0.3255540558477066, 0.31488984178105683, 0.3118287839440834, 0.31841809644572017, 0.3136133131811235, 0.3100709454244389, 0.31270425763162196, 0.3128967577221988, 0.3191566660496972, 0.32345619785453544, 0.3920912000277119, 0.3141844619919438, 0.3404163016272026, 0.3112315145362189, 0.31458852965238343, 0.3588283558007577, 0.3265048903912975, 0.34578700508273985, 0.3858237759201455, 0.31414155848950515, 0.3401948006110644, 0.30816117196285864, 0.3128987936056907, 0.3587275494592842, 0.32593970099704783, 0.33968518676089293, 0.3862378721930244]
------------------------------------------------------
YsysLow
[0.30949569035528673, 0.3096004160059233, 0.3109832638350435, 0.30913075189976486, 0.30906607705876354, 0.3096350019728488, 0.3083513548772619, 0.3110642887092625, 0.3085051844393993, 0.32607422404067865, 0.30976213374803135, 0.3099244259309224, 0.31153024427875, 0.3094008954470122, 0.30925733633179375, 0.31000580890917934, 0.3087160688418492, 0.31143709748399445, 0.30999913861696954, 0.3255540558477066, 0.31488984178105683, 0.3118287839440834, 0.31841809644572017, 0.3136133131811235, 0.3100709454244389, 0.31270425763162196, 0.3128967577221988, 0.3191566660496972, 0.32345619785453544, 0.3920912000277119, 0.3141844619919438, 0.3404163016272026, 0.3112315145362189, 0.31458852965238343, 0.3588283558007577, 0.3265048903912975, 0.34578700508273985, 0.38932471138601127, 0.31414155848950515, 0.3401948006110644, 0.30816117196285864, 0.3128987936056907, 0.3587275494592842, 0.32593970099704783, 0.33968518676089293, 0.38973508790807815]
------------------------------------------------------