     1 NJets0-BTags0-MHT0-HT0    233    109.30   13.68  0.3103   38.38   1.690  1.000  1.000   1.000  1.000  1.000   1.300  1.000  1.000  1.000   1.100  1.000  1.000  1.000  0.3103  0.2354     38.38  29.81   
     2 NJets0-BTags0-MHT0-HT1    718    197.80   16.65  0.0219   11.38   1.000  1.689  1.000   1.000  1.000  1.000   1.300  1.000  1.000  1.000   1.100  1.000  1.000  1.000  0.0219  0.0166     11.38   8.65   
     3 NJets0-BTags0-MHT0-HT2    434     32.90    3.85  0.0066    2.65   1.000  1.000  1.540   1.000  1.000  1.000   1.300  1.000  1.000  1.000   1.100  1.000  1.000  1.000  0.0066  0.0041      2.65   1.66   
     4 NJets0-BTags0-MHT1-HT3     49     30.40    5.92  0.2387    4.44   1.690  1.000  1.000   1.000  1.000  1.000   1.000  1.600  1.000  1.000   1.100  1.000  1.000  1.000  0.2387  0.2195      4.44   4.63   
     5 NJets0-BTags0-MHT1-HT4    499    219.90   22.90  0.0168    4.70   1.000  1.689  1.000   1.000  1.000  1.000   1.000  1.600  1.000  1.000   1.100  1.000  1.000  1.000  0.0168  0.0155      4.70   4.35   
     6 NJets0-BTags0-MHT1-HT5    376     52.30    6.78  0.0051    1.65   1.000  1.000  1.540   1.000  1.000  1.000   1.000  1.600  1.000  1.000   1.100  1.000  1.000  1.000  0.0051  0.0041      1.65   1.34   
     7 NJets0-BTags0-MHT2-HT6     64     47.30    6.37  0.0067    0.11   1.000  1.689  1.000   1.000  1.000  1.000   1.000  1.000  2.200  1.000   1.100  1.000  1.000  1.000  0.0067  0.0093      0.11   0.17   
     8 NJets0-BTags0-MHT2-HT7     99     23.50    3.43  0.0020    0.15   1.000  1.000  1.540   1.000  1.000  1.000   1.000  1.000  2.200  1.000   1.100  1.000  1.000  1.000  0.0020  0.0027      0.15   0.20   
     9 NJets0-BTags0-MHT3-HT8      5      6.20    1.31  0.0034   -0.00   1.000  1.689  1.000   1.000  1.000  1.000   1.000  1.000  1.000  4.000   1.100  1.000  1.000  1.000  0.0034  0.0104     -0.00   0.00   
    10 NJets0-BTags0-MHT3-HT9     18      2.10    0.99  0.0010    0.02   1.000  1.000  1.540   1.000  1.000  1.000   1.000  1.000  1.000  4.000   1.100  1.000  1.000  1.000  0.0010  0.0031      0.02   0.05   
    11 NJets0-BTags1-MHT0-HT0     53     21.90    2.70  0.3103    9.65   1.690  1.000  1.000   1.000  1.000  1.000   1.300  1.000  1.000  1.000   1.000  1.200  1.000  1.000  0.3103  0.2415      9.65   7.89   
    12 NJets0-BTags1-MHT0-HT1    222     56.30    5.44  0.0219    3.62   1.000  1.689  1.000   1.000  1.000  1.000   1.300  1.000  1.000  1.000   1.000  1.200  1.000  1.000  0.0219  0.0170      3.62   2.84   
    13 NJets0-BTags1-MHT0-HT2    146     10.70    2.09  0.0066    0.89   1.000  1.000  1.540   1.000  1.000  1.000   1.300  1.000  1.000  1.000   1.000  1.200  1.000  1.000  0.0066  0.0043      0.89   0.59   
    14 NJets0-BTags1-MHT1-HT3     13      5.10    0.96  0.2387    1.89   1.690  1.000  1.000   1.000  1.000  1.000   1.000  1.600  1.000  1.000   1.000  1.200  1.000  1.000  0.2387  0.2234      1.89   1.98   
    15 NJets0-BTags1-MHT1-HT4    120     53.80    5.77  0.0168    1.11   1.000  1.689  1.000   1.000  1.000  1.000   1.000  1.600  1.000  1.000   1.000  1.200  1.000  1.000  0.0168  0.0157      1.11   1.06   
    16 NJets0-BTags1-MHT1-HT5    128     15.70    2.39  0.0051    0.57   1.000  1.000  1.540   1.000  1.000  1.000   1.000  1.600  1.000  1.000   1.000  1.200  1.000  1.000  0.0051  0.0042      0.57   0.48   
    17 NJets0-BTags1-MHT2-HT6     21      9.20    1.66  0.0067    0.08   1.000  1.689  1.000   1.000  1.000  1.000   1.000  1.000  2.200  1.000   1.000  1.200  1.000  1.000  0.0067  0.0094      0.08   0.12   
    18 NJets0-BTags1-MHT2-HT7     26      8.80    1.72  0.0020    0.03   1.000  1.000  1.540   1.000  1.000  1.000   1.000  1.000  2.200  1.000   1.000  1.200  1.000  1.000  0.0020  0.0027      0.03   0.05   
    19 NJets0-BTags1-MHT3-HT8      5      0.90    0.62  0.0034    0.01   1.000  1.689  1.000   1.000  1.000  1.000   1.000  1.000  1.000  4.000   1.000  1.200  1.000  1.000  0.0034  0.0104      0.01   0.04   
    20 NJets0-BTags1-MHT3-HT9      9      0.30    0.55  0.0010    0.01   1.000  1.000  1.540   1.000  1.000  1.000   1.000  1.000  1.000  4.000   1.000  1.200  1.000  1.000  0.0010  0.0031      0.01   0.03   
    21 NJets0-BTags2-MHT0-HT0      4      2.30    0.82  0.3103    0.53   1.690  1.000  1.000   1.000  1.000  1.000   1.300  1.000  1.000  1.000   1.000  1.000  1.400  1.000  0.3103  0.2643      0.53   0.81   
    22 NJets0-BTags2-MHT0-HT1     46     13.10    2.57  0.0219    0.72   1.000  1.689  1.000   1.000  1.000  1.000   1.300  1.000  1.000  1.000   1.000  1.000  1.400  1.000  0.0219  0.0186      0.72   0.63   
    23 NJets0-BTags2-MHT0-HT2     31      3.10    0.91  0.0066    0.18   1.000  1.000  1.540   1.000  1.000  1.000   1.300  1.000  1.000  1.000   1.000  1.000  1.400  1.000  0.0066  0.0049      0.18   0.14   
    24 NJets0-BTags2-MHT1-HT3      2      0.60    0.54  0.2387    0.33   1.690  1.000  1.000   1.000  1.000  1.000   1.000  1.600  1.000  1.000   1.000  1.000  1.400  1.000  0.2387  0.2382      0.33   0.49   
    25 NJets0-BTags2-MHT1-HT4     31     14.00    3.10  0.0168    0.29   1.000  1.689  1.000   1.000  1.000  1.000   1.000  1.600  1.000  1.000   1.000  1.000  1.400  1.000  0.0168  0.0168      0.29   0.30   
    26 NJets0-BTags2-MHT1-HT5     26      2.10    0.81  0.0051    0.12   1.000  1.000  1.540   1.000  1.000  1.000   1.000  1.600  1.000  1.000   1.000  1.000  1.400  1.000  0.0051  0.0046      0.12   0.11   
    27 NJets0-BTags2-MHT2-HT6      1      1.90    0.88  0.0067   -0.01   1.000  1.689  1.000   1.000  1.000  1.000   1.000  1.000  2.200  1.000   1.000  1.000  1.400  1.000  0.0067  0.0097     -0.01   0.00   
    28 NJets0-BTags2-MHT2-HT7      4      0.90    0.71  0.0020    0.01   1.000  1.000  1.540   1.000  1.000  1.000   1.000  1.000  2.200  1.000   1.000  1.000  1.400  1.000  0.0020  0.0028      0.01   0.01   
    29 NJets0-BTags2-MHT3-HT8      0      0.00    0.50  0.0034    0.00   1.000  1.689  1.000   1.000  1.000  1.000   1.000  1.000  1.000  4.000   1.000  1.000  1.400  1.000  0.0034  0.0104      0.00   0.00   
    30 NJets0-BTags2-MHT3-HT9      1      0.60    0.71  0.0010    0.00   1.000  1.000  1.540   1.000  1.000  1.000   1.000  1.000  1.000  4.000   1.000  1.000  1.400  1.000  0.0010  0.0031      0.00   0.00   
    31 NJets0-BTags3-MHT0-HT0      0      0.70    0.77  0.3103   -0.22   1.690  1.000  1.000   1.000  1.000  1.000   1.300  1.000  1.000  1.000   1.000  1.000  1.000  1.800  0.3103  0.3407     -0.22   0.00   
    32 NJets0-BTags3-MHT0-HT1      5      1.20    0.72  0.0219    0.08   1.000  1.689  1.000   1.000  1.000  1.000   1.300  1.000  1.000  1.000   1.000  1.000  1.000  1.800  0.0219  0.0240      0.08   0.10   
    33 NJets0-BTags3-MHT0-HT2      2      0.10    0.50  0.0066    0.01   1.000  1.000  1.540   1.000  1.000  1.000   1.300  1.000  1.000  1.000   1.000  1.000  1.000  1.800  0.0066  0.0067      0.01   0.02   
    34 NJets0-BTags3-MHT1-HT3      0      0.50    0.55  0.2387   -0.12   1.690  1.000  1.000   1.000  1.000  1.000   1.000  1.600  1.000  1.000   1.000  1.000  1.000  1.800  0.2387  0.2900     -0.12   0.00   
    35 NJets0-BTags3-MHT1-HT4      2      0.60    0.55  0.0168    0.02   1.000  1.689  1.000   1.000  1.000  1.000   1.000  1.600  1.000  1.000   1.000  1.000  1.000  1.800  0.0168  0.0204      0.02   0.04   
    36 NJets0-BTags3-MHT1-HT5      3      0.90    0.81  0.0051    0.01   1.000  1.000  1.540   1.000  1.000  1.000   1.000  1.600  1.000  1.000   1.000  1.000  1.000  1.800  0.0051  0.0058      0.01   0.02   
    37 NJets0-BTags3-MHT2-HT6      0      0.00    0.50  0.0067    0.00   1.000  1.689  1.000   1.000  1.000  1.000   1.000  1.000  2.200  1.000   1.000  1.000  1.000  1.800  0.0067  0.0108      0.00   0.00   
    38 NJets0-BTags3-MHT2-HT7      0      0.30    0.50  0.0020   -0.00   1.000  1.000  1.540   1.000  1.000  1.000   1.000  1.000  2.200  1.000   1.000  1.000  1.000  1.800  0.0020  0.0031     -0.00   0.00   
    39 NJets0-BTags3-MHT3-HT8      0      0.00    1.00  0.0034    0.00   1.000  1.689  1.000   1.000  1.000  1.000   1.000  1.000  1.000  4.000   1.000  1.000  1.000  1.800  0.0034  0.0107      0.00   0.00   
    40 NJets0-BTags3-MHT3-HT9      0      0.00    0.50  0.0010    0.00   1.000  1.000  1.540   1.000  1.000  1.000   1.000  1.000  1.000  4.000   1.000  1.000  1.000  1.800  0.0010  0.0032      0.00   0.00   
    41 NJets1-BTags0-MHT0-HT0     10      7.00    1.19  0.4574    1.37   1.690  1.000  1.000   1.749  1.000  1.000   1.300  1.000  1.000  1.000   1.100  1.000  1.000  1.000  0.4574  0.4876      1.37   2.13   
    42 NJets1-BTags0-MHT0-HT1    147     61.70    6.43  0.0322    2.75   1.000  1.689  1.000   1.749  1.000  1.000   1.300  1.000  1.000  1.000   1.100  1.000  1.000  1.000  0.0322  0.0344      2.75   2.96   
    43 NJets1-BTags0-MHT0-HT2    187     17.60    2.32  0.0097    1.65   1.000  1.000  1.540   1.749  1.000  1.000   1.300  1.000  1.000  1.000   1.100  1.000  1.000  1.000  0.0097  0.0095      1.65   1.62   
    44 NJets1-BTags0-MHT1-HT3      5      1.50    0.66  0.3518    1.23   1.690  1.000  1.000   1.749  1.000  1.000   1.000  1.600  1.000  1.000   1.100  1.000  1.000  1.000  0.3518  0.4173      1.23   1.68   
    45 NJets1-BTags0-MHT1-HT4    108     45.40    4.90  0.0248    1.55   1.000  1.689  1.000   1.749  1.000  1.000   1.000  1.600  1.000  1.000   1.100  1.000  1.000  1.000  0.0248  0.0294      1.55   1.86   
    46 NJets1-BTags0-MHT1-HT5    168     28.30    3.50  0.0075    1.05   1.000  1.000  1.540   1.749  1.000  1.000   1.000  1.600  1.000  1.000   1.100  1.000  1.000  1.000  0.0075  0.0083      1.05   1.16   
    47 NJets1-BTags0-MHT2-HT6      7      7.60    1.36  0.0099   -0.01   1.000  1.689  1.000   1.749  1.000  1.000   1.000  1.000  2.200  1.000   1.100  1.000  1.000  1.000  0.0099  0.0156     -0.01   0.00   
    48 NJets1-BTags0-MHT2-HT7     37     12.10    2.06  0.0030    0.07   1.000  1.000  1.540   1.749  1.000  1.000   1.000  1.000  2.200  1.000   1.100  1.000  1.000  1.000  0.0030  0.0045      0.07   0.11   
    49 NJets1-BTags0-MHT3-HT8      0      1.60    0.87  0.0050   -0.01   1.000  1.689  1.000   1.749  1.000  1.000   1.000  1.000  1.000  4.000   1.100  1.000  1.000  1.000  0.0050  0.0157     -0.01   0.00   
    50 NJets1-BTags0-MHT3-HT9      3      1.10    0.85  0.0015    0.00   1.000  1.000  1.540   1.749  1.000  1.000   1.000  1.000  1.000  4.000   1.100  1.000  1.000  1.000  0.0015  0.0047      0.00   0.01   
    51 NJets1-BTags1-MHT0-HT0      8      3.00    0.85  0.4574    2.29   1.690  1.000  1.000   1.749  1.000  1.000   1.300  1.000  1.000  1.000   1.000  1.200  1.000  1.000  0.4574  0.4940      2.29   2.82   
    52 NJets1-BTags1-MHT0-HT1     83     35.40    3.76  0.0322    1.53   1.000  1.689  1.000   1.749  1.000  1.000   1.300  1.000  1.000  1.000   1.000  1.200  1.000  1.000  0.0322  0.0348      1.53   1.69   
    53 NJets1-BTags1-MHT0-HT2    115     12.10    1.99  0.0097    1.00   1.000  1.000  1.540   1.749  1.000  1.000   1.300  1.000  1.000  1.000   1.000  1.200  1.000  1.000  0.0097  0.0097      1.00   1.00   
    54 NJets1-BTags1-MHT1-HT3      2      1.10    0.57  0.3518    0.32   1.690  1.000  1.000   1.749  1.000  1.000   1.000  1.600  1.000  1.000   1.000  1.200  1.000  1.000  0.3518  0.4217      0.32   0.66   
    55 NJets1-BTags1-MHT1-HT4     53     26.50    3.20  0.0248    0.66   1.000  1.689  1.000   1.749  1.000  1.000   1.000  1.600  1.000  1.000   1.000  1.200  1.000  1.000  0.0248  0.0297      0.66   0.81   
    56 NJets1-BTags1-MHT1-HT5     89     21.60    3.54  0.0075    0.51   1.000  1.000  1.540   1.749  1.000  1.000   1.000  1.600  1.000  1.000   1.000  1.200  1.000  1.000  0.0075  0.0084      0.51   0.57   
    57 NJets1-BTags1-MHT2-HT6      3      3.10    0.88  0.0099   -0.00   1.000  1.689  1.000   1.749  1.000  1.000   1.000  1.000  2.200  1.000   1.000  1.200  1.000  1.000  0.0099  0.0157     -0.00   0.00   
    58 NJets1-BTags1-MHT2-HT7     15      4.60    1.18  0.0030    0.03   1.000  1.000  1.540   1.749  1.000  1.000   1.000  1.000  2.200  1.000   1.000  1.200  1.000  1.000  0.0030  0.0046      0.03   0.05   
    59 NJets1-BTags1-MHT3-HT8      1      0.30    0.51  0.0050    0.00   1.000  1.689  1.000   1.749  1.000  1.000   1.000  1.000  1.000  4.000   1.000  1.200  1.000  1.000  0.0050  0.0157      0.00   0.01   
    60 NJets1-BTags1-MHT3-HT9      3      0.80    0.65  0.0015    0.00   1.000  1.000  1.540   1.749  1.000  1.000   1.000  1.000  1.000  4.000   1.000  1.200  1.000  1.000  0.0015  0.0047      0.00   0.01   
    61 NJets1-BTags2-MHT0-HT0      2      1.40    0.69  0.4574    0.27   1.690  1.000  1.000   1.749  1.000  1.000   1.300  1.000  1.000  1.000   1.000  1.000  1.400  1.000  0.4574  0.5188      0.27   0.78   
    62 NJets1-BTags2-MHT0-HT1     31     16.00    2.21  0.0322    0.48   1.000  1.689  1.000   1.749  1.000  1.000   1.300  1.000  1.000  1.000   1.000  1.000  1.400  1.000  0.0322  0.0366      0.48   0.58   
    63 NJets1-BTags2-MHT0-HT2     31      5.20    1.18  0.0097    0.25   1.000  1.000  1.540   1.749  1.000  1.000   1.300  1.000  1.000  1.000   1.000  1.000  1.400  1.000  0.0097  0.0102      0.25   0.27   
    64 NJets1-BTags2-MHT1-HT3      1      0.10    0.50  0.3518    0.32   1.690  1.000  1.000   1.749  1.000  1.000   1.000  1.600  1.000  1.000   1.000  1.000  1.400  1.000  0.3518  0.4390      0.32   0.56   
    65 NJets1-BTags2-MHT1-HT4     16      9.50    1.78  0.0248    0.16   1.000  1.689  1.000   1.749  1.000  1.000   1.000  1.600  1.000  1.000   1.000  1.000  1.400  1.000  0.0248  0.0309      0.16   0.23   
    66 NJets1-BTags2-MHT1-HT5     27      9.10    2.10  0.0075    0.13   1.000  1.000  1.540   1.749  1.000  1.000   1.000  1.600  1.000  1.000   1.000  1.000  1.400  1.000  0.0075  0.0088      0.13   0.16   
    67 NJets1-BTags2-MHT2-HT6      1      0.30    0.51  0.0099    0.01   1.000  1.689  1.000   1.749  1.000  1.000   1.000  1.000  2.200  1.000   1.000  1.000  1.400  1.000  0.0099  0.0161      0.01   0.02   
    68 NJets1-BTags2-MHT2-HT7      5      2.30    0.99  0.0030    0.01   1.000  1.000  1.540   1.749  1.000  1.000   1.000  1.000  2.200  1.000   1.000  1.000  1.400  1.000  0.0030  0.0047      0.01   0.01   
    69 NJets1-BTags2-MHT3-HT8      0      0.30    0.60  0.0050   -0.00   1.000  1.689  1.000   1.749  1.000  1.000   1.000  1.000  1.000  4.000   1.000  1.000  1.400  1.000  0.0050  0.0158     -0.00   0.00   
    70 NJets1-BTags2-MHT3-HT9      0      0.00    0.50  0.0015    0.00   1.000  1.000  1.540   1.749  1.000  1.000   1.000  1.000  1.000  4.000   1.000  1.000  1.400  1.000  0.0015  0.0047      0.00   0.00   
    71 NJets1-BTags3-MHT0-HT0      0      0.00    0.50  0.4574    0.00   1.690  1.000  1.000   1.749  1.000  1.000   1.300  1.000  1.000  1.000   1.000  1.000  1.000  1.800  0.4574  0.6079      0.00   0.00   
    72 NJets1-BTags3-MHT0-HT1      4      5.10    1.57  0.0322   -0.04   1.000  1.689  1.000   1.749  1.000  1.000   1.300  1.000  1.000  1.000   1.000  1.000  1.000  1.800  0.0322  0.0428     -0.04   0.00   
    73 NJets1-BTags3-MHT0-HT2      9      0.70    0.55  0.0097    0.08   1.000  1.000  1.540   1.749  1.000  1.000   1.300  1.000  1.000  1.000   1.000  1.000  1.000  1.800  0.0097  0.0123      0.08   0.11   
    74 NJets1-BTags3-MHT1-HT3      0      0.00    0.50  0.3518    0.00   1.690  1.000  1.000   1.749  1.000  1.000   1.000  1.600  1.000  1.000   1.000  1.000  1.000  1.800  0.3518  0.5021      0.00   0.00   
    75 NJets1-BTags3-MHT1-HT4      3      1.80    0.74  0.0248    0.03   1.000  1.689  1.000   1.749  1.000  1.000   1.000  1.600  1.000  1.000   1.000  1.000  1.000  1.800  0.0248  0.0354      0.03   0.06   
    76 NJets1-BTags3-MHT1-HT5      8      1.20    0.59  0.0075    0.05   1.000  1.000  1.540   1.749  1.000  1.000   1.000  1.600  1.000  1.000   1.000  1.000  1.000  1.800  0.0075  0.0102      0.05   0.07   
    77 NJets1-BTags3-MHT2-HT6      0      0.10    0.52  0.0099   -0.00   1.000  1.689  1.000   1.749  1.000  1.000   1.000  1.000  2.200  1.000   1.000  1.000  1.000  1.800  0.0099  0.0175     -0.00   0.00   
    78 NJets1-BTags3-MHT2-HT7      1      0.30    0.60  0.0030    0.00   1.000  1.000  1.540   1.749  1.000  1.000   1.000  1.000  2.200  1.000   1.000  1.000  1.000  1.800  0.0030  0.0051      0.00   0.01   
    79 NJets1-BTags3-MHT3-HT8      0      0.00    0.50  0.0050    0.00   1.000  1.689  1.000   1.749  1.000  1.000   1.000  1.000  1.000  4.000   1.000  1.000  1.000  1.800  0.0050  0.0162      0.00   0.00   
    80 NJets1-BTags3-MHT3-HT9      0      0.00    1.00  0.0015    0.00   1.000  1.000  1.540   1.749  1.000  1.000   1.000  1.000  1.000  4.000   1.000  1.000  1.000  1.800  0.0015  0.0049      0.00   0.00   
    81 NJets2-BTags0-MHT0-HT0      2      0.30    0.58  0.0000    0.00   1.690  1.000  1.000   1.000  1.828  1.000   1.300  1.000  1.000  1.000   1.100  1.000  1.000  1.000  0.0000  0.0000      0.00   0.00   
    82 NJets2-BTags0-MHT0-HT1     12      4.70    1.10  0.1208    0.88   1.000  1.689  1.000   1.000  1.828  1.000   1.300  1.000  1.000  1.000   1.100  1.000  1.000  1.000  0.1208  0.1356      0.88   1.08   
    83 NJets2-BTags0-MHT0-HT2     46      2.90    0.81  0.0365    1.57   1.000  1.000  1.540   1.000  1.828  1.000   1.300  1.000  1.000  1.000   1.100  1.000  1.000  1.000  0.0365  0.0379      1.57   1.65   
    84 NJets2-BTags0-MHT1-HT3      0      0.30    1.04  0.0000   -0.00   1.690  1.000  1.000   1.000  1.828  1.000   1.000  1.600  1.000  1.000   1.100  1.000  1.000  1.000  0.0000  0.0000     -0.00   0.00   
    85 NJets2-BTags0-MHT1-HT4     13      3.60    1.65  0.0929    0.87   1.000  1.689  1.000   1.000  1.828  1.000   1.000  1.600  1.000  1.000   1.100  1.000  1.000  1.000  0.0929  0.1149      0.87   1.14   
    86 NJets2-BTags0-MHT1-HT5     25      5.30    1.24  0.0281    0.55   1.000  1.000  1.540   1.000  1.828  1.000   1.000  1.600  1.000  1.000   1.100  1.000  1.000  1.000  0.0281  0.0326      0.55   0.66   
    87 NJets2-BTags0-MHT2-HT6      0      0.40    0.64  0.0372   -0.01   1.000  1.689  1.000   1.000  1.828  1.000   1.000  1.000  2.200  1.000   1.100  1.000  1.000  1.000  0.0372  0.0600     -0.01   0.00   
    88 NJets2-BTags0-MHT2-HT7      8      2.60    1.10  0.0112    0.06   1.000  1.000  1.540   1.000  1.828  1.000   1.000  1.000  2.200  1.000   1.100  1.000  1.000  1.000  0.0112  0.0175      0.06   0.10   
    89 NJets2-BTags0-MHT3-HT8      0      0.30    0.58  0.0186   -0.01   1.000  1.689  1.000   1.000  1.828  1.000   1.000  1.000  1.000  4.000   1.100  1.000  1.000  1.000  0.0186  0.0592     -0.01   0.00   
    90 NJets2-BTags0-MHT3-HT9      0      1.00    0.87  0.0056   -0.01   1.000  1.000  1.540   1.000  1.828  1.000   1.000  1.000  1.000  4.000   1.100  1.000  1.000  1.000  0.0056  0.0177     -0.01   0.00   
    91 NJets2-BTags1-MHT0-HT0      0      0.10    0.51  0.0000   -0.00   1.690  1.000  1.000   1.000  1.828  1.000   1.300  1.000  1.000  1.000   1.000  1.200  1.000  1.000  0.0000  0.0000     -0.00   0.00   
    92 NJets2-BTags1-MHT0-HT1     10      5.00    0.93  0.1208    0.60   1.000  1.689  1.000   1.000  1.828  1.000   1.300  1.000  1.000  1.000   1.000  1.200  1.000  1.000  0.1208  0.1372      0.60   0.79   
    93 NJets2-BTags1-MHT0-HT2     31      9.50    2.28  0.0365    0.78   1.000  1.000  1.540   1.000  1.828  1.000   1.300  1.000  1.000  1.000   1.000  1.200  1.000  1.000  0.0365  0.0384      0.78   0.85   
    94 NJets2-BTags1-MHT1-HT3      0      0.10    1.00  0.0000   -0.00   1.690  1.000  1.000   1.000  1.828  1.000   1.000  1.600  1.000  1.000   1.000  1.200  1.000  1.000  0.0000  0.0000     -0.00   0.00   
    95 NJets2-BTags1-MHT1-HT4      6      4.60    1.16  0.0929    0.13   1.000  1.689  1.000   1.000  1.828  1.000   1.000  1.600  1.000  1.000   1.000  1.200  1.000  1.000  0.0929  0.1160      0.13   0.30   
    96 NJets2-BTags1-MHT1-HT5     22      8.80    1.76  0.0281    0.37   1.000  1.000  1.540   1.000  1.828  1.000   1.000  1.600  1.000  1.000   1.000  1.200  1.000  1.000  0.0281  0.0329      0.37   0.46   
    97 NJets2-BTags1-MHT2-HT6      0      0.20    0.51  0.0372   -0.01   1.000  1.689  1.000   1.000  1.828  1.000   1.000  1.000  2.200  1.000   1.000  1.200  1.000  1.000  0.0372  0.0604     -0.01   0.00   
    98 NJets2-BTags1-MHT2-HT7      3      1.80    0.71  0.0112    0.01   1.000  1.000  1.540   1.000  1.828  1.000   1.000  1.000  2.200  1.000   1.000  1.200  1.000  1.000  0.0112  0.0176      0.01   0.03   
    99 NJets2-BTags1-MHT3-HT8      0      0.10    0.51  0.0186   -0.00   1.000  1.689  1.000   1.000  1.828  1.000   1.000  1.000  1.000  4.000   1.000  1.200  1.000  1.000  0.0186  0.0593     -0.00   0.00   
   100 NJets2-BTags1-MHT3-HT9      1      0.90    0.75  0.0056    0.00   1.000  1.000  1.540   1.000  1.828  1.000   1.000  1.000  1.000  4.000   1.000  1.200  1.000  1.000  0.0056  0.0178      0.00   0.01   
   101 NJets2-BTags2-MHT0-HT0      0      0.00    0.50  0.0000    0.00   1.690  1.000  1.000   1.000  1.828  1.000   1.300  1.000  1.000  1.000   1.000  1.000  1.400  1.000  0.0000  0.0000      0.00   0.00   
   102 NJets2-BTags2-MHT0-HT1      6      5.40    1.16  0.1208    0.07   1.000  1.689  1.000   1.000  1.828  1.000   1.300  1.000  1.000  1.000   1.000  1.000  1.400  1.000  0.1208  0.1434      0.07   0.34   
   103 NJets2-BTags2-MHT0-HT2     10      4.70    1.33  0.0365    0.19   1.000  1.000  1.540   1.000  1.828  1.000   1.300  1.000  1.000  1.000   1.000  1.000  1.400  1.000  0.0365  0.0404      0.19   0.25   
   104 NJets2-BTags2-MHT1-HT3      0      0.00    1.00  0.0000    0.00   1.690  1.000  1.000   1.000  1.828  1.000   1.000  1.600  1.000  1.000   1.000  1.000  1.400  1.000  0.0000  0.0000      0.00   0.00   
   105 NJets2-BTags2-MHT1-HT4      7      2.50    0.95  0.0929    0.42   1.000  1.689  1.000   1.000  1.828  1.000   1.000  1.600  1.000  1.000   1.000  1.000  1.400  1.000  0.0929  0.1204      0.42   0.60   
   106 NJets2-BTags2-MHT1-HT5      7      4.90    1.40  0.0281    0.06   1.000  1.000  1.540   1.000  1.828  1.000   1.000  1.600  1.000  1.000   1.000  1.000  1.400  1.000  0.0281  0.0344      0.06   0.11   
   107 NJets2-BTags2-MHT2-HT6      0      0.10    0.52  0.0372   -0.00   1.000  1.689  1.000   1.000  1.828  1.000   1.000  1.000  2.200  1.000   1.000  1.000  1.400  1.000  0.0372  0.0617     -0.00   0.00   
   108 NJets2-BTags2-MHT2-HT7      3      0.80    0.65  0.0112    0.02   1.000  1.000  1.540   1.000  1.828  1.000   1.000  1.000  2.200  1.000   1.000  1.000  1.400  1.000  0.0112  0.0180      0.02   0.04   
   109 NJets2-BTags2-MHT3-HT8      0      0.00    1.00  0.0186    0.00   1.000  1.689  1.000   1.000  1.828  1.000   1.000  1.000  1.000  4.000   1.000  1.000  1.400  1.000  0.0186  0.0597      0.00   0.00   
   110 NJets2-BTags2-MHT3-HT9      0      0.10    0.51  0.0056   -0.00   1.000  1.000  1.540   1.000  1.828  1.000   1.000  1.000  1.000  4.000   1.000  1.000  1.400  1.000  0.0056  0.0179     -0.00   0.00   
   111 NJets2-BTags3-MHT0-HT0      0      0.00    1.00  0.0000    0.00   1.690  1.000  1.000   1.000  1.828  1.000   1.300  1.000  1.000  1.000   1.000  1.000  1.000  1.800  0.0000  0.0000      0.00   0.00   
   112 NJets2-BTags3-MHT0-HT1      3      0.90    0.56  0.1208    0.25   1.000  1.689  1.000   1.000  1.828  1.000   1.300  1.000  1.000  1.000   1.000  1.000  1.000  1.800  0.1208  0.1660      0.25   0.41   
   113 NJets2-BTags3-MHT0-HT2      2      1.00    0.64  0.0365    0.04   1.000  1.000  1.540   1.000  1.828  1.000   1.300  1.000  1.000  1.000   1.000  1.000  1.000  1.800  0.0365  0.0477      0.04   0.07   
   114 NJets2-BTags3-MHT1-HT3      0      0.00    1.00  0.0000    0.00   1.690  1.000  1.000   1.000  1.828  1.000   1.000  1.600  1.000  1.000   1.000  1.000  1.000  1.800  0.0000  0.0000      0.00   0.00   
   115 NJets2-BTags3-MHT1-HT4      0      0.10    0.51  0.0929   -0.01   1.000  1.689  1.000   1.000  1.828  1.000   1.000  1.600  1.000  1.000   1.000  1.000  1.000  1.800  0.0929  0.1365     -0.01   0.00   
   116 NJets2-BTags3-MHT1-HT5      2      0.40    0.51  0.0281    0.04   1.000  1.000  1.540   1.000  1.828  1.000   1.000  1.600  1.000  1.000   1.000  1.000  1.000  1.800  0.0281  0.0395      0.04   0.08   
   117 NJets2-BTags3-MHT2-HT6      0      0.00    0.50  0.0372    0.00   1.000  1.689  1.000   1.000  1.828  1.000   1.000  1.000  2.200  1.000   1.000  1.000  1.000  1.800  0.0372  0.0669      0.00   0.00   
   118 NJets2-BTags3-MHT2-HT7      0      0.00    0.50  0.0112    0.00   1.000  1.000  1.540   1.000  1.828  1.000   1.000  1.000  2.200  1.000   1.000  1.000  1.000  1.800  0.0112  0.0196      0.00   0.00   
   119 NJets2-BTags3-MHT3-HT8      0      0.00    1.00  0.0186    0.00   1.000  1.689  1.000   1.000  1.828  1.000   1.000  1.000  1.000  4.000   1.000  1.000  1.000  1.800  0.0186  0.0611      0.00   0.00   
   120 NJets2-BTags3-MHT3-HT9      0      0.00    1.00  0.0056    0.00   1.000  1.000  1.540   1.000  1.828  1.000   1.000  1.000  1.000  4.000   1.000  1.000  1.000  1.800  0.0056  0.0183      0.00   0.00   
   121 NJets3-BTags0-MHT0-HT0      0      0.30    1.04  0.0000   -0.00   1.690  1.000  1.000   1.000  1.000  1.893   1.300  1.000  1.000  1.000   1.100  1.000  1.000  1.000  0.0000  0.0000     -0.00   0.00   
   122 NJets3-BTags0-MHT0-HT1      0      0.10    0.51  0.5633   -0.06   1.000  1.689  1.000   1.000  1.000  1.893   1.300  1.000  1.000  1.000   1.100  1.000  1.000  1.000  0.5633  0.6597     -0.06   0.00   
   123 NJets3-BTags0-MHT0-HT2      2      1.30    0.87  0.1702    0.12   1.000  1.000  1.540   1.000  1.000  1.893   1.300  1.000  1.000  1.000   1.100  1.000  1.000  1.000  0.1702  0.1856      0.12   0.31   
   124 NJets3-BTags0-MHT1-HT3      0      0.30    1.04  0.0000   -0.00   1.690  1.000  1.000   1.000  1.000  1.893   1.000  1.600  1.000  1.000   1.100  1.000  1.000  1.000  0.0000  0.0000     -0.00   0.00   
   125 NJets3-BTags0-MHT1-HT4      0      0.30    0.58  0.4333   -0.13   1.000  1.689  1.000   1.000  1.000  1.893   1.000  1.600  1.000  1.000   1.100  1.000  1.000  1.000  0.4333  0.5552     -0.13   0.00   
   126 NJets3-BTags0-MHT1-HT5      5      0.90    0.78  0.1309    0.54   1.000  1.000  1.540   1.000  1.000  1.893   1.000  1.600  1.000  1.000   1.100  1.000  1.000  1.000  0.1309  0.1582      0.54   0.72   
   127 NJets3-BTags0-MHT2-HT6      0      0.30    0.58  0.1733   -0.05   1.000  1.689  1.000   1.000  1.000  1.893   1.000  1.000  2.200  1.000   1.100  1.000  1.000  1.000  0.1733  0.2859     -0.05   0.00   
   128 NJets3-BTags0-MHT2-HT7      0      0.40    0.58  0.0524   -0.02   1.000  1.000  1.540   1.000  1.000  1.893   1.000  1.000  2.200  1.000   1.100  1.000  1.000  1.000  0.0524  0.0835     -0.02   0.00   
   129 NJets3-BTags0-MHT3-HT8      0      0.30    1.04  0.0867   -0.03   1.000  1.689  1.000   1.000  1.000  1.893   1.000  1.000  1.000  4.000   1.100  1.000  1.000  1.000  0.0867  0.2779     -0.03   0.00   
   130 NJets3-BTags0-MHT3-HT9      0      0.30    1.04  0.0262   -0.01   1.000  1.000  1.540   1.000  1.000  1.893   1.000  1.000  1.000  4.000   1.100  1.000  1.000  1.000  0.0262  0.0832     -0.01   0.00   
   131 NJets3-BTags1-MHT0-HT0      0      0.20    1.02  0.0000   -0.00   1.690  1.000  1.000   1.000  1.000  1.893   1.300  1.000  1.000  1.000   1.000  1.200  1.000  1.000  0.0000  0.0000     -0.00   0.00   
   132 NJets3-BTags1-MHT0-HT1      1      0.30    0.52  0.5633    0.39   1.000  1.689  1.000   1.000  1.000  1.893   1.300  1.000  1.000  1.000   1.000  1.200  1.000  1.000  0.5633  0.6669      0.39   0.79   
   133 NJets3-BTags1-MHT0-HT2      7      1.50    0.79  0.1702    0.94   1.000  1.000  1.540   1.000  1.000  1.893   1.300  1.000  1.000  1.000   1.000  1.200  1.000  1.000  0.1702  0.1879      0.94   1.14   
   134 NJets3-BTags1-MHT1-HT3      0      0.20    1.02  0.0000   -0.00   1.690  1.000  1.000   1.000  1.000  1.893   1.000  1.600  1.000  1.000   1.000  1.200  1.000  1.000  0.0000  0.0000     -0.00   0.00   
   135 NJets3-BTags1-MHT1-HT4      0      0.50    0.55  0.4333   -0.22   1.000  1.689  1.000   1.000  1.000  1.893   1.000  1.600  1.000  1.000   1.000  1.200  1.000  1.000  0.4333  0.5602     -0.22   0.00   
   136 NJets3-BTags1-MHT1-HT5      4      2.10    0.83  0.1309    0.25   1.000  1.000  1.540   1.000  1.000  1.893   1.000  1.600  1.000  1.000   1.000  1.200  1.000  1.000  0.1309  0.1598      0.25   0.42   
   137 NJets3-BTags1-MHT2-HT6      0      0.30    0.54  0.1733   -0.05   1.000  1.689  1.000   1.000  1.000  1.893   1.000  1.000  2.200  1.000   1.000  1.200  1.000  1.000  0.1733  0.2875     -0.05   0.00   
   138 NJets3-BTags1-MHT2-HT7      0      0.60    0.62  0.0524   -0.03   1.000  1.000  1.540   1.000  1.000  1.893   1.000  1.000  2.200  1.000   1.000  1.200  1.000  1.000  0.0524  0.0840     -0.03   0.00   
   139 NJets3-BTags1-MHT3-HT8      0      0.20    1.02  0.0867   -0.02   1.000  1.689  1.000   1.000  1.000  1.893   1.000  1.000  1.000  4.000   1.000  1.200  1.000  1.000  0.0867  0.2783     -0.02   0.00   
   140 NJets3-BTags1-MHT3-HT9      0      0.20    1.02  0.0262   -0.01   1.000  1.000  1.540   1.000  1.000  1.893   1.000  1.000  1.000  4.000   1.000  1.200  1.000  1.000  0.0262  0.0834     -0.01   0.00   
   141 NJets3-BTags2-MHT0-HT0      0      0.10    1.00  0.0000   -0.00   1.690  1.000  1.000   1.000  1.000  1.893   1.300  1.000  1.000  1.000   1.000  1.000  1.400  1.000  0.0000  0.0000     -0.00   0.00   
   142 NJets3-BTags2-MHT0-HT1      1      0.40    0.51  0.5633    0.34   1.000  1.689  1.000   1.000  1.000  1.893   1.300  1.000  1.000  1.000   1.000  1.000  1.400  1.000  0.5633  0.6949      0.34   0.76   
   143 NJets3-BTags2-MHT0-HT2      2      1.10    0.62  0.1702    0.15   1.000  1.000  1.540   1.000  1.000  1.893   1.300  1.000  1.000  1.000   1.000  1.000  1.400  1.000  0.1702  0.1970      0.15   0.32   
   144 NJets3-BTags2-MHT1-HT3      0      0.10    1.00  0.0000   -0.00   1.690  1.000  1.000   1.000  1.000  1.893   1.000  1.600  1.000  1.000   1.000  1.000  1.400  1.000  0.0000  0.0000     -0.00   0.00   
   145 NJets3-BTags2-MHT1-HT4      0      0.20    0.51  0.4333   -0.09   1.000  1.689  1.000   1.000  1.000  1.893   1.000  1.600  1.000  1.000   1.000  1.000  1.400  1.000  0.4333  0.5800     -0.09   0.00   
   146 NJets3-BTags2-MHT1-HT5      0      2.00    0.84  0.1309   -0.26   1.000  1.000  1.540   1.000  1.000  1.893   1.000  1.600  1.000  1.000   1.000  1.000  1.400  1.000  0.1309  0.1661     -0.26   0.00   
   147 NJets3-BTags2-MHT2-HT6      1      0.10    0.51  0.1733    0.16   1.000  1.689  1.000   1.000  1.000  1.893   1.000  1.000  2.200  1.000   1.000  1.000  1.400  1.000  0.1733  0.2937      0.16   0.33   
   148 NJets3-BTags2-MHT2-HT7      0      0.40    0.51  0.0524   -0.02   1.000  1.000  1.540   1.000  1.000  1.893   1.000  1.000  2.200  1.000   1.000  1.000  1.400  1.000  0.0524  0.0859     -0.02   0.00   
   149 NJets3-BTags2-MHT3-HT8      0      0.10    1.00  0.0867   -0.01   1.000  1.689  1.000   1.000  1.000  1.893   1.000  1.000  1.000  4.000   1.000  1.000  1.400  1.000  0.0867  0.2799     -0.01   0.00   
   150 NJets3-BTags2-MHT3-HT9      1      0.10    1.00  0.0262    0.02   1.000  1.000  1.540   1.000  1.000  1.893   1.000  1.000  1.000  4.000   1.000  1.000  1.400  1.000  0.0262  0.0838      0.02   0.08   
   151 NJets3-BTags3-MHT0-HT0      0      0.00    1.00  0.0000    0.00   1.690  1.000  1.000   1.000  1.000  1.893   1.300  1.000  1.000  1.000   1.000  1.000  1.000  1.800  0.0000  0.0000      0.00   0.00   
   152 NJets3-BTags3-MHT0-HT1      0      0.00    0.50  0.5633    0.00   1.000  1.689  1.000   1.000  1.000  1.893   1.300  1.000  1.000  1.000   1.000  1.000  1.000  1.800  0.5633  0.7970      0.00   0.00   
   153 NJets3-BTags3-MHT0-HT2      1      1.20    0.73  0.1702   -0.03   1.000  1.000  1.540   1.000  1.000  1.893   1.300  1.000  1.000  1.000   1.000  1.000  1.000  1.800  0.1702  0.2296     -0.03   0.00   
   154 NJets3-BTags3-MHT1-HT3      0      0.00    1.00  0.0000    0.00   1.690  1.000  1.000   1.000  1.000  1.893   1.000  1.600  1.000  1.000   1.000  1.000  1.000  1.800  0.0000  0.0000      0.00   0.00   
   155 NJets3-BTags3-MHT1-HT4      0      0.00    0.50  0.4333    0.00   1.000  1.689  1.000   1.000  1.000  1.893   1.000  1.600  1.000  1.000   1.000  1.000  1.000  1.800  0.4333  0.6531      0.00   0.00   
   156 NJets3-BTags3-MHT1-HT5      2      0.60    0.51  0.1309    0.18   1.000  1.000  1.540   1.000  1.000  1.893   1.000  1.600  1.000  1.000   1.000  1.000  1.000  1.800  0.1309  0.1893      0.18   0.33   
   157 NJets3-BTags3-MHT2-HT6      0      0.00    1.00  0.1733    0.00   1.000  1.689  1.000   1.000  1.000  1.893   1.000  1.000  2.200  1.000   1.000  1.000  1.000  1.800  0.1733  0.3173      0.00   0.00   
   158 NJets3-BTags3-MHT2-HT7      1      0.20    0.50  0.0524    0.04   1.000  1.000  1.540   1.000  1.000  1.893   1.000  1.000  2.200  1.000   1.000  1.000  1.000  1.800  0.0524  0.0932      0.04   0.09   
   159 NJets3-BTags3-MHT3-HT8      0      0.00    1.00  0.0867    0.00   1.000  1.689  1.000   1.000  1.000  1.893   1.000  1.000  1.000  4.000   1.000  1.000  1.000  1.800  0.0867  0.2863      0.00   0.00   
   160 NJets3-BTags3-MHT3-HT9      0      0.10    0.50  0.0262   -0.00   1.000  1.000  1.540   1.000  1.000  1.893   1.000  1.000  1.000  4.000   1.000  1.000  1.000  1.800  0.0262  0.0858     -0.00   0.00   
