 binIndex : nMCGJ( nMCerr)|nMCEBt |nMCECt |Nobs |nEB| pEB(pEBerr) |nEC| pEC(pECerr) | trigW(trigWsysErr,trigWerr) | SF(SFerr) |ZgR(REr1) |f(fsysErr,+ferrUp-ferrDn) |purity(pErr)| DR(+DRup-DRlow)| Yield(+YstatUp-YstatLow,+YsysUp-YsysLow)
 1 : 60291.159( 243.895)|47761.479 |12529.679 |64608.0 |50036.0| 0.929(0.018) |14572.0| 0.944(0.024) | 1.0(0.02,0.007) | 1.0(0.045) |0.415(0.005) |0.969(0.3,+0.002-0.002) |0.932(0.019)| 1.0(+0.0-0.0)| 24249.784(+0.01-0.01,+0.305-0.305)
 2 : 4585.825( 38.53)|3650.679 |935.146 |3556.0 |2807.0| 0.929(0.018) |749.0| 0.944(0.024) | 1.0(0.02,0.007) | 1.0(0.045) |0.408(0.009) |0.973(0.3,+0.004-0.004) |0.932(0.019)| 1.0(+0.0-0.0)| 1317.151(+0.045-0.045,+0.305-0.305)
 3 : 333.834( 10.193)|275.41 |58.424 |194.0 |163.0| 0.929(0.018) |31.0| 0.944(0.024) | 1.0(0.02,0.007) | 1.0(0.042) |0.465(0.036) |0.979(0.3,+0.005-0.005) |0.931(0.019)| 1.0(+0.0-0.0)| 82.163(+0.17-0.17,+0.306-0.306)
 4 : 55636.496( 195.912)|45995.405 |9641.091 |55673.0 |45019.0| 0.946(0.013) |10654.0| 0.935(0.021) | 1.0(0.02,0.007) | 1.0(0.043) |0.428(0.004) |0.977(0.3,+0.002-0.002) |0.944(0.014)| 1.0(+0.0-0.0)| 21967.141(+0.011-0.011,+0.304-0.304)
 5 : 12755.113( 65.329)|10755.855 |1999.258 |10667.0 |8949.0| 0.946(0.013) |1718.0| 0.935(0.021) | 1.0(0.02,0.007) | 1.0(0.043) |0.421(0.006) |0.969(0.3,+0.002-0.002) |0.944(0.014)| 1.0(+0.0-0.0)| 4101.856(+0.025-0.025,+0.304-0.304)
 6 : 761.31( 15.458)|662.1 |99.21 |481.0 |419.0| 0.946(0.013) |62.0| 0.935(0.021) | 1.0(0.02,0.007) | 1.0(0.042) |0.422(0.024) |0.978(0.3,+0.003-0.003) |0.944(0.014)| 1.0(+0.0-0.0)| 187.556(+0.117-0.117,+0.305-0.305)
 7 : 5351.337( 41.605)|4902.428 |448.909 |4466.0 |4008.0| 0.969(0.007) |458.0| 0.928(0.023) | 1.0(0.02,0.006) | 1.0(0.041) |0.43(0.008) |0.985(0.3,+0.002-0.002) |0.965(0.009)| 1.0(+0.0-0.0)| 1823.958(+0.037-0.037,+0.304-0.304)
 8 : 226.486( 8.543)|212.256 |14.23 |153.0 |135.0| 0.969(0.007) |18.0| 0.928(0.023) | 1.0(0.02,0.007) | 1.0(0.04) |0.41(0.043) |0.984(0.3,+0.004-0.004) |0.964(0.009)| 1.0(+0.0-0.0)| 59.528(+0.208-0.208,+0.307-0.307)
 9 : 914.357( 17.124)|884.88 |29.477 |713.0 |689.0| 0.969(0.007) |24.0| 0.928(0.023) | 1.0(0.02,0.006) | 1.0(0.039) |0.538(0.02) |0.989(0.3,+0.002-0.002) |0.968(0.008)| 1.0(+0.0-0.0)| 367.297(+0.073-0.073,+0.304-0.304)
 10 : 34.688( 3.409)|34.381 |0.307 |23.0 |23.0| 0.969(0.007) |0.0| 0.928(0.023) | 1.0(0.02,0.006) | 1.0(0.037) |0.606(0.109) |0.991(0.3,+0.006-0.006) |0.969(0.007)| 1.0(+0.0-0.0)| 13.382(+0.379-0.379,+0.322-0.322)
 11 : 10182.877( 89.311)|8025.267 |2157.61 |11154.0 |8584.0| 0.929(0.018) |2570.0| 0.944(0.024) | 1.0(0.02,0.007) | 1.0(0.045) |0.425(0.01) |0.924(0.3,+0.008-0.008) |0.932(0.019)| 1.0(+0.0-0.0)| 4088.126(+0.026-0.026,+0.305-0.305)
 12 : 3542.629( 34.471)|2737.705 |804.924 |3084.0 |2339.0| 0.929(0.018) |745.0| 0.944(0.024) | 1.0(0.02,0.007) | 1.0(0.045) |0.397(0.011) |0.901(0.3,+0.01-0.01) |0.932(0.02)| 1.0(+0.0-0.0)| 1028.385(+0.054-0.054,+0.305-0.305)
 13 : 316.166( 9.922)|259.23 |56.936 |210.0 |165.0| 0.929(0.018) |45.0| 0.944(0.024) | 1.0(0.02,0.007) | 1.0(0.044) |0.439(0.037) |0.945(0.3,+0.008-0.008) |0.932(0.019)| 1.0(+0.0-0.0)| 81.091(+0.179-0.179,+0.307-0.307)
 14 : 8736.777( 73.838)|7142.261 |1594.516 |8719.0 |6902.0| 0.946(0.013) |1817.0| 0.935(0.021) | 1.0(0.02,0.007) | 1.0(0.044) |0.418(0.01) |0.949(0.3,+0.006-0.006) |0.943(0.014)| 1.0(+0.0-0.0)| 3261.814(+0.029-0.029,+0.304-0.304)
 15 : 8075.219( 52.287)|6676.666 |1398.553 |7178.0 |5835.0| 0.946(0.013) |1343.0| 0.935(0.021) | 1.0(0.02,0.007) | 1.0(0.044) |0.407(0.007) |0.928(0.3,+0.005-0.005) |0.944(0.014)| 1.0(+0.0-0.0)| 2562.26(+0.033-0.033,+0.304-0.304)
 16 : 724.095( 15.068)|618.955 |105.14 |557.0 |477.0| 0.946(0.013) |80.0| 0.935(0.021) | 1.0(0.02,0.007) | 1.0(0.043) |0.41(0.024) |0.932(0.3,+0.007-0.007) |0.944(0.014)| 1.0(+0.0-0.0)| 200.979(+0.117-0.117,+0.305-0.305)
 17 : 1573.302( 22.405)|1439.486 |133.816 |1300.0 |1153.0| 0.969(0.007) |147.0| 0.928(0.023) | 1.0(0.02,0.006) | 1.0(0.041) |0.39(0.016) |0.966(0.3,+0.004-0.004) |0.965(0.009)| 1.0(+0.0-0.0)| 472.408(+0.076-0.076,+0.304-0.304)
 18 : 232.934( 8.585)|213.602 |19.332 |153.0 |137.0| 0.969(0.007) |16.0| 0.928(0.023) | 1.0(0.02,0.006) | 1.0(0.042) |0.375(0.043) |0.952(0.3,+0.008-0.008) |0.965(0.009)| 1.0(+0.0-0.0)| 52.664(+0.235-0.235,+0.307-0.307)
 19 : 309.318( 9.9)|299.899 |9.419 |267.0 |259.0| 0.969(0.007) |8.0| 0.928(0.023) | 1.0(0.02,0.006) | 1.0(0.039) |0.481(0.036) |0.969(0.3,+0.005-0.005) |0.968(0.007)| 1.0(+0.0-0.0)| 120.441(+0.136-0.136,+0.306-0.306)
 20 : 39.073( 3.523)|37.856 |1.217 |29.0 |29.0| 0.969(0.007) |0.0| 0.928(0.023) | 1.0(0.02,0.006) | 1.0(0.04) |0.433(0.104) |0.951(0.3,+0.019-0.019) |0.969(0.007)| 1.0(+0.0-0.0)| 11.58(+0.487-0.487,+0.321-0.321)
 21 : 533.468( 20.026)|406.281 |127.187 |600.0 |432.0| 0.929(0.018) |168.0| 0.944(0.024) | 1.0(0.02,0.008) | 1.0(0.045) |0.463(0.043) |0.907(0.3,+0.038-0.038) |0.933(0.02)| 1.0(+0.0-0.0)| 235.35(+0.104-0.104,+0.31-0.31)
 22 : 679.792( 15.837)|514.528 |165.264 |713.0 |519.0| 0.929(0.018) |194.0| 0.944(0.024) | 1.0(0.02,0.008) | 1.0(0.046) |0.402(0.026) |0.871(0.3,+0.025-0.025) |0.933(0.02)| 1.0(+0.0-0.0)| 232.758(+0.115-0.115,+0.307-0.307)
 23 : 94.777( 5.411)|74.502 |20.275 |79.0 |63.0| 0.929(0.018) |16.0| 0.944(0.024) | 1.0(0.02,0.007) | 1.0(0.047) |0.445(0.067) |0.888(0.3,+0.033-0.033) |0.932(0.019)| 1.0(+0.0-0.0)| 29.129(+0.305-0.305,+0.314-0.314)
 24 : 396.021( 16.389)|309.722 |86.299 |460.0 |372.0| 0.946(0.013) |88.0| 0.935(0.021) | 1.0(0.02,0.007) | 1.0(0.047) |0.444(0.047) |0.973(0.3,+0.016-0.016) |0.944(0.014)| 1.0(+0.0-0.0)| 187.463(+0.114-0.114,+0.309-0.309)
 25 : 1271.943( 21.172)|1035.496 |236.447 |1277.0 |1026.0| 0.946(0.013) |251.0| 0.935(0.021) | 1.0(0.02,0.007) | 1.0(0.044) |0.4(0.019) |0.893(0.3,+0.014-0.014) |0.944(0.014)| 1.0(+0.0-0.0)| 430.6(+0.083-0.083,+0.305-0.305)
 26 : 229.438( 8.485)|188.947 |40.491 |218.0 |177.0| 0.946(0.013) |41.0| 0.935(0.021) | 1.0(0.02,0.007) | 1.0(0.044) |0.399(0.043) |0.888(0.3,+0.016-0.016) |0.944(0.014)| 1.0(+0.0-0.0)| 72.946(+0.202-0.202,+0.308-0.308)
 27 : 166.24( 7.254)|154.079 |12.162 |179.0 |158.0| 0.969(0.007) |21.0| 0.928(0.023) | 1.0(0.02,0.007) | 1.0(0.041) |0.359(0.049) |0.929(0.3,+0.022-0.022) |0.964(0.009)| 1.0(+0.0-0.0)| 57.592(+0.232-0.232,+0.308-0.308)
 28 : 72.292( 4.784)|65.024 |7.268 |67.0 |59.0| 0.969(0.007) |8.0| 0.928(0.023) | 1.0(0.02,0.007) | 1.0(0.04) |0.343(0.078) |0.872(0.3,+0.03-0.03) |0.964(0.009)| 1.0(+0.0-0.0)| 19.34(+0.423-0.423,+0.315-0.315)
 29 : 41.532( 3.602)|39.706 |1.825 |37.0 |37.0| 0.969(0.007) |0.0| 0.928(0.023) | 1.0(0.02,0.006) | 1.0(0.038) |0.397(0.099) |0.943(0.3,+0.019-0.019) |0.969(0.007)| 1.0(+0.0-0.0)| 13.424(+0.47-0.47,+0.32-0.32)
 30 : 10.93( 1.951)|10.622 |0.307 |16.0 |15.0| 0.969(0.007) |1.0| 0.928(0.023) | 1.0(0.02,0.006) | 1.0(0.037) |0.409(0.205) |0.852(0.3,+0.13-0.13) |0.967(0.008)| 1.0(+0.0-0.0)| 5.383(+0.743-0.743,+0.388-0.388)
 31 : 53.027( 4.775)|42.369 |10.657 |62.0 |46.0| 0.929(0.018) |16.0| 0.944(0.024) | 1.0(0.02,0.007) | 1.0(0.045) |0.402(0.026) |0.922(0.3,+0.047-0.047) |0.933(0.02)| 1.0(+0.0-0.0)| 21.417(+0.368-0.368,+0.31-0.31)
 32 : 16.475( 2.242)|13.19 |3.285 |14.0 |8.0| 0.929(0.018) |6.0| 0.944(0.024) | 1.0(0.02,0.009) | 1.0(0.044) |0.445(0.067) |0.762(0.3,+0.126-0.126) |0.935(0.021)| 1.0(+0.0-0.0)| 4.447(+0.841-0.841,+0.336-0.336)
 33 : 85.497( 5.501)|68.379 |17.118 |104.0 |83.0| 0.946(0.013) |21.0| 0.935(0.021) | 1.0(0.02,0.007) | 1.0(0.046) |0.4(0.019) |0.948(0.3,+0.025-0.025) |0.943(0.014)| 1.0(+0.0-0.0)| 37.258(+0.274-0.274,+0.306-0.306)
 34 : 34.78( 3.329)|27.681 |7.099 |47.0 |37.0| 0.946(0.013) |10.0| 0.935(0.021) | 1.0(0.02,0.007) | 1.0(0.046) |0.399(0.043) |0.862(0.3,+0.036-0.036) |0.943(0.014)| 1.0(+0.0-0.0)| 15.258(+0.449-0.449,+0.31-0.31)
 35 : 9.633( 1.731)|8.139 |1.494 |12.0 |12.0| 0.969(0.007) |0.0| 0.928(0.023) | 1.0(0.02,0.006) | 1.0(0.044) |0.359(0.049) |0.81(0.3,+0.176-0.176) |0.969(0.007)| 1.0(+0.0-0.0)| 3.382(+1.137-1.137,+0.354-0.354)
 36 : 11.251( 1.875)|10.034 |1.217 |17.0 |16.0| 0.969(0.007) |1.0| 0.928(0.023) | 1.0(0.02,0.006) | 1.0(0.038) |0.343(0.078) |0.772(0.3,+0.077-0.077) |0.967(0.008)| 1.0(+0.0-0.0)| 4.359(+0.946-0.946,+0.322-0.322)
 37 : 1.563( 0.699)|1.256 |0.307 |3.0 |3.0| 0.969(0.007) |0.0| 0.928(0.023) | 1.0(0.02,0.006) | 1.0(0.038) |0.397(0.099) |0.838(0.3,+0.124-0.124) |0.969(0.007)| 1.0(+0.0-0.0)| 0.967(+2.487-2.487,+0.342-0.342)
 38 : 0.949( 0.548)|0.949 |0.0 |4.0 |3.0| 0.969(0.007) |1.0| 0.928(0.023) | 1.0(0.02,0.007) | 1.0(0.028) |0.409(0.205) |0.898(0.3,+0.114-0.125) |0.959(0.011)| 1.0(+0.0-0.0)| 1.407(+1.421-1.421,+0.383-0.386)
 39 : 1.55( 0.694)|0.944 |0.607 |4.0 |2.0| 0.929(0.018) |2.0| 0.944(0.024) | 1.0(0.02,0.009) | 1.0(0.045) |0.402(0.026) |0.922(0.3,+0.047-0.047) |0.936(0.021)| 1.0(+0.0-0.0)| 1.387(+1.442-1.442,+0.31-0.31)
 40 : 1.558( 0.697)|1.268 |0.29 |1.0 |1.0| 0.929(0.018) |0.0| 0.944(0.024) | 1.0(0.02,0.006) | 1.0(0.039) |0.445(0.067) |0.762(0.3,+0.126-0.126) |0.929(0.018)| 1.0(+0.0-0.0)| 0.315(+6.172-6.172,+0.335-0.335)
 41 : 2.693( 0.975)|2.091 |0.602 |5.0 |4.0| 0.946(0.013) |1.0| 0.935(0.021) | 1.0(0.02,0.007) | 1.0(0.034) |0.4(0.019) |0.948(0.3,+0.025-0.025) |0.944(0.014)| 1.0(+0.0-0.0)| 1.791(+1.248-1.248,+0.305-0.305)
 42 : 5.632( 1.328)|5.632 |0.0 |6.0 |5.0| 0.946(0.013) |1.0| 0.935(0.021) | 1.0(0.02,0.007) | 1.0(0.035) |0.399(0.043) |0.862(0.3,+0.036-0.036) |0.944(0.014)| 1.0(+0.0-0.0)| 1.949(+1.257-1.257,+0.308-0.308)
 43 : 0.303( 0.303)|0.303 |0.0 |0.0 |0.0| 0.969(0.007) |0.0| 0.928(0.023) | 1.0(0.02,0.0) | 1.0(0.04) |0.359(0.049) |0.81(0.3,+0.176-0.176) |1.0(0.0)| 1.0(+0.0-0.0)| 0.0(+0.848-0.848,+0.354-0.354)
 44 : 1.25( 0.625)|0.943 |0.307 |1.0 |0.0| 0.969(0.007) |1.0| 0.928(0.023) | 1.0(0.02,0.012) | 1.0(0.038) |0.343(0.078) |0.772(0.3,+0.077-0.077) |0.928(0.023)| 1.0(+0.0-0.0)| 0.246(+7.906-7.906,+0.323-0.323)
 45 : 0.0( 0.0)|0.0 |0.0 |0.0 |0.0| 0.969(0.007) |0.0| 0.928(0.023) | 1.0(0.02,0.0) | 1.0(0.0) |0.397(0.099) |0.838(0.3,+0.124-0.124) |1.0(0.0)| 1.0(+0.0-0.0)| 0.0(+0.938-0.938,+0.34-0.34)
 46 : 0.319( 0.319)|0.319 |0.0 |0.0 |0.0| 0.969(0.007) |0.0| 0.928(0.023) | 1.0(0.02,0.0) | 1.0(0.026) |0.409(0.205) |0.898(0.3,+0.114-0.125) |1.0(0.0)| 1.0(+0.0-0.0)| 0.0(+0.965-0.965,+0.382-0.386)

binIndex
[1, 2, 3, 4, 5, 6, 7, 8, 9, 10, 11, 12, 13, 14, 15, 16, 17, 18, 19, 20, 21, 22, 23, 24, 25, 26, 27, 28, 29, 30, 31, 32, 33, 34, 35, 36, 37, 38, 39, 40, 41, 42, 43, 44, 45, 46]
------------------------------------------------------
nMCGJ
[60291.15873140097, 4585.824526965618, 333.8336917310953, 55636.495722070336, 12755.113473966718, 761.3103337436914, 5351.337437659502, 226.48601204156876, 914.3565554022789, 34.688178569078445, 10182.876542568207, 3542.629341542721, 316.16631300747395, 8736.777374491096, 8075.219318389893, 724.0951743870974, 1573.3017032146454, 232.9344667494297, 309.3175695836544, 39.072556525468826, 533.4678257703781, 679.7916932404041, 94.77679018676281, 396.0214573442936, 1271.94306153059, 229.43784627318382, 166.24019783735275, 72.2922046482563, 41.53154802322388, 10.92967963218689, 53.0265524238348, 16.475053548812866, 85.49691113829613, 34.77975645661354, 9.632786959409714, 11.250628769397736, 1.5630193650722504, 0.9486277997493744, 1.550326406955719, 1.5577082633972168, 2.693192631006241, 5.632239073514938, 0.303273469209671, 1.2503319084644318, 0.0, 0.3193472623825073]
------------------------------------------------------
nMCerr
[243.89526694979563, 38.53030091455333, 10.192966748224887, 195.91159702762394, 65.32882439947613, 15.45829889807703, 41.60547715946573, 8.543368584291771, 17.12411496730406, 3.4092150884451162, 89.31114055297591, 34.47077114837029, 9.922353740065985, 73.83794611446797, 52.287049457431486, 15.067698168941554, 22.40517331214946, 8.58547283189696, 9.89988110830998, 3.522774323894693, 20.026484365723675, 15.836872224899759, 5.411225796649831, 16.38922380130623, 21.172338384802664, 8.485448086231793, 7.2540783358107275, 4.78430204620385, 3.601885250381506, 1.9514316040164965, 4.77512890524179, 2.2424734862617357, 5.501368592137684, 3.3294757886742614, 1.730659427213685, 1.8753820350630892, 0.6991527975836911, 0.5477444503825983, 0.6935173727689715, 0.6970623240205175, 0.9753761330495533, 1.327776603812753, 0.303273469209671, 0.6252325952747195, 0.0, 0.3193472623825073]
------------------------------------------------------
nMCEBt
[47761.47928069532, 3650.678563028574, 275.40991331636906, 45995.40461824834, 10755.855406105518, 662.0998631715775, 4902.428437739611, 212.25600481033325, 884.8795736134052, 34.380976021289825, 8025.267036035657, 2737.7053070664406, 259.23004887998104, 7142.260999813676, 6676.666340366006, 618.9553465992212, 1439.4855729937553, 213.6020486652851, 299.8988133072853, 37.85576805472374, 406.2809158563614, 514.527891561389, 74.5022091716528, 309.7221440076828, 1035.4959190785885, 188.94713160395622, 154.07850924134254, 65.02415317296982, 39.70636531710625, 10.62247708439827, 42.369459182024, 13.189842194318771, 68.37897023558617, 27.68123549222946, 8.138598471879959, 10.033840298652649, 1.2558168172836304, 0.9486277997493744, 0.943560004234314, 1.267908662557602, 2.0913123190402985, 5.632239073514938, 0.303273469209671, 0.9431293606758118, 0.0, 0.3193472623825073]
------------------------------------------------------
nMCECt
[12529.679450705647, 935.1459639370441, 58.42377841472626, 9641.091103821993, 1999.2580678611994, 99.21047057211399, 448.90899991989136, 14.230007231235504, 29.476981788873672, 0.30720254778862, 2157.60950653255, 804.9240344762802, 56.936264127492905, 1594.5163746774197, 1398.5529780238867, 105.13982778787613, 133.81613022089005, 19.332418084144592, 9.418756276369095, 1.2167884707450867, 127.18690991401672, 165.26380167901516, 20.274581015110016, 86.2993133366108, 236.44714245200157, 40.4907146692276, 12.161688596010208, 7.268051475286484, 1.82518270611763, 0.30720254778862, 10.657093241810799, 3.285211354494095, 17.11794090270996, 7.098520964384079, 1.4941884875297546, 1.2167884707450867, 0.30720254778862, 0.0, 0.606766402721405, 0.28979960083961487, 0.6018803119659424, 0.0, 0.0, 0.30720254778862, 0.0, 0.0]
------------------------------------------------------
Nobs
[64608.0, 3556.0, 194.0, 55673.0, 10667.0, 481.0, 4466.0, 153.0, 713.0, 23.0, 11154.0, 3084.0, 210.0, 8719.0, 7178.0, 557.0, 1300.0, 153.0, 267.0, 29.0, 600.0, 713.0, 79.0, 460.0, 1277.0, 218.0, 179.0, 67.0, 37.0, 16.0, 62.0, 14.0, 104.0, 47.0, 12.0, 17.0, 3.0, 4.0, 4.0, 1.0, 5.0, 6.0, 0.0, 1.0, 0.0, 0.0]
------------------------------------------------------
nEB
[50036.0, 2807.0, 163.0, 45019.0, 8949.0, 419.0, 4008.0, 135.0, 689.0, 23.0, 8584.0, 2339.0, 165.0, 6902.0, 5835.0, 477.0, 1153.0, 137.0, 259.0, 29.0, 432.0, 519.0, 63.0, 372.0, 1026.0, 177.0, 158.0, 59.0, 37.0, 15.0, 46.0, 8.0, 83.0, 37.0, 12.0, 16.0, 3.0, 3.0, 2.0, 1.0, 4.0, 5.0, 0.0, 0.0, 0.0, 0.0]
------------------------------------------------------
pEB
[0.9285315544210001, 0.9285315544210001, 0.9285315544210001, 0.9457477890636666, 0.9457477890636666, 0.9457477890636666, 0.9691437937430001, 0.9691437937430001, 0.9691437937430001, 0.9691437937430001, 0.9285315544210001, 0.9285315544210001, 0.9285315544210001, 0.9457477890636666, 0.9457477890636666, 0.9457477890636666, 0.9691437937430001, 0.9691437937430001, 0.9691437937430001, 0.9691437937430001, 0.9285315544210001, 0.9285315544210001, 0.9285315544210001, 0.9457477890636666, 0.9457477890636666, 0.9457477890636666, 0.9691437937430001, 0.9691437937430001, 0.9691437937430001, 0.9691437937430001, 0.9285315544210001, 0.9285315544210001, 0.9457477890636666, 0.9457477890636666, 0.9691437937430001, 0.9691437937430001, 0.9691437937430001, 0.9691437937430001, 0.9285315544210001, 0.9285315544210001, 0.9457477890636666, 0.9457477890636666, 0.9691437937430001, 0.9691437937430001, 0.9691437937430001, 0.9691437937430001]
------------------------------------------------------
pEBerr
[0.01823743016419038, 0.01823743016419038, 0.01823743016419038, 0.012649204639971198, 0.012649204639971198, 0.012649204639971198, 0.007001854595582861, 0.007001854595582861, 0.007001854595582861, 0.007001854595582861, 0.01823743016419038, 0.01823743016419038, 0.01823743016419038, 0.012649204639971198, 0.012649204639971198, 0.012649204639971198, 0.007001854595582861, 0.007001854595582861, 0.007001854595582861, 0.007001854595582861, 0.01823743016419038, 0.01823743016419038, 0.01823743016419038, 0.012649204639971198, 0.012649204639971198, 0.012649204639971198, 0.007001854595582861, 0.007001854595582861, 0.007001854595582861, 0.007001854595582861, 0.01823743016419038, 0.01823743016419038, 0.012649204639971198, 0.012649204639971198, 0.007001854595582861, 0.007001854595582861, 0.007001854595582861, 0.007001854595582861, 0.01823743016419038, 0.01823743016419038, 0.012649204639971198, 0.012649204639971198, 0.007001854595582861, 0.007001854595582861, 0.007001854595582861, 0.007001854595582861]
------------------------------------------------------
nEC
[14572.0, 749.0, 31.0, 10654.0, 1718.0, 62.0, 458.0, 18.0, 24.0, 0.0, 2570.0, 745.0, 45.0, 1817.0, 1343.0, 80.0, 147.0, 16.0, 8.0, 0.0, 168.0, 194.0, 16.0, 88.0, 251.0, 41.0, 21.0, 8.0, 0.0, 1.0, 16.0, 6.0, 21.0, 10.0, 0.0, 1.0, 0.0, 1.0, 2.0, 0.0, 1.0, 1.0, 0.0, 1.0, 0.0, 0.0]
------------------------------------------------------
pEC
[0.9439760420550001, 0.9439760420550001, 0.9439760420550001, 0.9345166398170001, 0.9345166398170001, 0.9345166398170001, 0.9283238776746666, 0.9283238776746666, 0.9283238776746666, 0.9283238776746666, 0.9439760420550001, 0.9439760420550001, 0.9439760420550001, 0.9345166398170001, 0.9345166398170001, 0.9345166398170001, 0.9283238776746666, 0.9283238776746666, 0.9283238776746666, 0.9283238776746666, 0.9439760420550001, 0.9439760420550001, 0.9439760420550001, 0.9345166398170001, 0.9345166398170001, 0.9345166398170001, 0.9283238776746666, 0.9283238776746666, 0.9283238776746666, 0.9283238776746666, 0.9439760420550001, 0.9439760420550001, 0.9345166398170001, 0.9345166398170001, 0.9283238776746666, 0.9283238776746666, 0.9283238776746666, 0.9283238776746666, 0.9439760420550001, 0.9439760420550001, 0.9345166398170001, 0.9345166398170001, 0.9283238776746666, 0.9283238776746666, 0.9283238776746666, 0.9283238776746666]
------------------------------------------------------
pECerr
[0.023508151450211262, 0.023508151450211262, 0.023508151450211262, 0.021139271371206844, 0.021139271371206844, 0.021139271371206844, 0.02295081587549125, 0.02295081587549125, 0.02295081587549125, 0.02295081587549125, 0.023508151450211262, 0.023508151450211262, 0.023508151450211262, 0.021139271371206844, 0.021139271371206844, 0.021139271371206844, 0.02295081587549125, 0.02295081587549125, 0.02295081587549125, 0.02295081587549125, 0.023508151450211262, 0.023508151450211262, 0.023508151450211262, 0.021139271371206844, 0.021139271371206844, 0.021139271371206844, 0.02295081587549125, 0.02295081587549125, 0.02295081587549125, 0.02295081587549125, 0.023508151450211262, 0.023508151450211262, 0.021139271371206844, 0.021139271371206844, 0.02295081587549125, 0.02295081587549125, 0.02295081587549125, 0.02295081587549125, 0.023508151450211262, 0.023508151450211262, 0.021139271371206844, 0.021139271371206844, 0.02295081587549125, 0.02295081587549125, 0.02295081587549125, 0.02295081587549125]
------------------------------------------------------
trigW
[1.0, 1.0, 1.0, 1.0, 1.0, 1.0, 1.0, 1.0, 1.0, 1.0, 1.0, 1.0, 1.0, 1.0, 1.0, 1.0, 1.0, 1.0, 1.0, 1.0, 1.0, 1.0, 1.0, 1.0, 1.0, 1.0, 1.0, 1.0, 1.0, 1.0, 1.0, 1.0, 1.0, 1.0, 1.0, 1.0, 1.0, 1.0, 1.0, 1.0, 1.0, 1.0, 1.0, 1.0, 1.0, 1.0]
------------------------------------------------------
trigWsysErr
[0.02, 0.02, 0.02, 0.02, 0.02, 0.02, 0.02, 0.02, 0.02, 0.02, 0.02, 0.02, 0.02, 0.02, 0.02, 0.02, 0.02, 0.02, 0.02, 0.02, 0.02, 0.02, 0.02, 0.02, 0.02, 0.02, 0.02, 0.02, 0.02, 0.02, 0.02, 0.02, 0.02, 0.02, 0.02, 0.02, 0.02, 0.02, 0.02, 0.02, 0.02, 0.02, 0.02, 0.02, 0.02, 0.02]
------------------------------------------------------
trigWerr
[0.007215372190440812, 0.007117020039370079, 0.0067817955670103095, 0.006989999060945162, 0.006790128369738446, 0.0065780626195426194, 0.006404334536497985, 0.006503870588235294, 0.005950045329593268, 0.00572808, 0.007247458285816748, 0.0073210417055771726, 0.0071411271428571425, 0.007102285498336965, 0.006961855071050432, 0.006675185206463196, 0.006473734107692308, 0.006417671633986928, 0.005925659625468165, 0.00572808, 0.0075744616, 0.007522299747545582, 0.007063618227848101, 0.00698958295652174, 0.007024203116679717, 0.0069682773394495415, 0.006501703575418994, 0.006515449552238806, 0.00572808, 0.00614021875, 0.007429814193548387, 0.008554174285714285, 0.007059605192307692, 0.007131105531914894, 0.00572808, 0.006115975294117647, 0.00572808, 0.0073766349999999994, 0.009025189999999999, 0.00572808, 0.007046924, 0.006827116666666667, 0.0, 0.0123223, 0.0, 0.0]
------------------------------------------------------
SF
[1.0, 1.0, 1.0, 1.0, 1.0, 1.0, 1.0, 1.0, 1.0, 1.0, 1.0, 1.0, 1.0, 1.0, 1.0, 1.0, 1.0, 1.0, 1.0, 1.0, 1.0, 1.0, 1.0, 1.0, 1.0, 1.0, 1.0, 1.0, 1.0, 1.0, 1.0, 1.0, 1.0, 1.0, 1.0, 1.0, 1.0, 1.0, 1.0, 1.0, 1.0, 1.0, 1.0, 1.0, 1.0, 1.0]
------------------------------------------------------
SFerr
[0.04454080061187667, 0.04460734652202276, 0.04238537397219602, 0.04339923225596674, 0.04314347553946269, 0.04205812679466254, 0.04085592526505195, 0.0401465128076089, 0.03911060773945404, 0.03701977927074296, 0.044902896047285264, 0.04515968510963324, 0.044030421003113974, 0.043858885956416904, 0.04372706805650269, 0.043163400637689024, 0.04097723090047982, 0.04158425748915911, 0.039044116469522265, 0.039514872280300505, 0.04470163413860873, 0.04592439805739775, 0.04654075401308581, 0.046729916016191544, 0.04396432841612808, 0.04430942193835848, 0.04090270517678356, 0.039996428778039196, 0.03799810477110838, 0.03714480724850359, 0.04491768878742036, 0.044202285961330204, 0.04646512161486175, 0.045960739206037264, 0.043947545164788944, 0.03833375553014537, 0.03751330027339971, 0.02823451355278569, 0.04450892194176695, 0.03878319582712136, 0.0341748966255985, 0.03504989843505398, 0.03997003552914712, 0.03753013495064124, 0.0, 0.02557060662793415]
------------------------------------------------------
ZgR
[0.4154138020923625, 0.40848924274514803, 0.46454291891702604, 0.4280518278029096, 0.42056792577803953, 0.4224085131887741, 0.4296291379465541, 0.41003545836141947, 0.5379914183308735, 0.6058070318479908, 0.42537160863471835, 0.3971591461821458, 0.43867339020014834, 0.41776561628606346, 0.40742959753029984, 0.40994218097019475, 0.3899858677410847, 0.3747032021109946, 0.48100016236392346, 0.43339318762885226, 0.46341051576936915, 0.40179405236309246, 0.44547509654762296, 0.44389394590082604, 0.40041324491795094, 0.39910946274779496, 0.35903890281615447, 0.3434049662977932, 0.39707493856912845, 0.40874422601867305, 0.40179405236309246, 0.44547509654762296, 0.40041324491795094, 0.39910946274779496, 0.35903890281615447, 0.3434049662977932, 0.39707493856912845, 0.40874422601867305, 0.40179405236309246, 0.44547509654762296, 0.40041324491795094, 0.39910946274779496, 0.35903890281615447, 0.3434049662977932, 0.39707493856912845, 0.40874422601867305]
------------------------------------------------------
REr1
[0.004633129919522235, 0.009390214562757489, 0.035830935546839686, 0.003959455740183451, 0.005651290015591245, 0.023849860719787456, 0.008471037388226965, 0.043386280548412585, 0.020478961090781626, 0.10891181911742416, 0.010062258866213234, 0.010936932978206849, 0.03702156857230347, 0.009542068637061302, 0.007203249031045317, 0.024472844561944325, 0.015764307043657746, 0.042927109097960735, 0.03606014460637033, 0.10419740068016854, 0.04349419063083217, 0.026327718970106422, 0.0668950302658864, 0.047069072773537717, 0.01869830185550824, 0.04347974579679351, 0.04868088186144057, 0.0775314465740267, 0.09918324034513379, 0.20491923426340553, 0.026327718970106422, 0.0668950302658864, 0.01869830185550824, 0.04347974579679351, 0.04868088186144057, 0.0775314465740267, 0.09918324034513379, 0.20491923426340553, 0.026327718970106422, 0.0668950302658864, 0.01869830185550824, 0.04347974579679351, 0.04868088186144057, 0.0775314465740267, 0.09918324034513379, 0.20491923426340553]
------------------------------------------------------
f
[0.969432907698, 0.973145158757, 0.979263771362, 0.976889210827, 0.968630268912, 0.977559820541, 0.985131528509, 0.983965826053, 0.989420643321, 0.990962172524, 0.924415581298, 0.900613686123, 0.944646618266, 0.949206308714, 0.928448449434, 0.932263077866, 0.966073435266, 0.95206802902, 0.968901223366, 0.950653869399, 0.907367595812, 0.871073319118, 0.888424582686, 0.972950074516, 0.892513261282, 0.888482999934, 0.929254115212, 0.871710694575, 0.942829884842, 0.851514476336, 0.921928773995, 0.762406001333, 0.948291436198, 0.86223639719, 0.809934607131, 0.772346396222, 0.837954268482, 0.897608048896, 0.921928773995, 0.762406001333, 0.948291436198, 0.86223639719, 0.809934607131, 0.772346396222, 0.837954268482, 0.897608048896]
------------------------------------------------------
fsysErr
[0.3, 0.3, 0.3, 0.3, 0.3, 0.3, 0.3, 0.3, 0.3, 0.3, 0.3, 0.3, 0.3, 0.3, 0.3, 0.3, 0.3, 0.3, 0.3, 0.3, 0.3, 0.3, 0.3, 0.3, 0.3, 0.3, 0.3, 0.3, 0.3, 0.3, 0.3, 0.3, 0.3, 0.3, 0.3, 0.3, 0.3, 0.3, 0.3, 0.3, 0.3, 0.3, 0.3, 0.3, 0.3, 0.3]
------------------------------------------------------
ferrUp
[0.002250200779804311, 0.003972962859578311, 0.0049004880203068635, 0.00167757407817274, 0.002384757431114161, 0.003165890683484979, 0.0020279042173623305, 0.004365766789860662, 0.0015852519632553635, 0.005836579925849714, 0.007787383961985988, 0.009812669869390639, 0.008344398899282767, 0.006063123069459132, 0.004721424548926035, 0.0072158929819024, 0.004291138046921409, 0.007853669233296907, 0.004964086894906463, 0.01885866658054425, 0.038399414046210986, 0.02546383174134997, 0.032584517665053776, 0.01571095890845592, 0.013587914068503917, 0.016126979345428533, 0.02199867618766077, 0.029982614856116467, 0.018523126276620575, 0.13040434315902827, 0.04748179544294971, 0.12551371208357517, 0.02476476642851025, 0.03636481466368751, 0.17565094320631955, 0.07720069804942994, 0.1237737145726204, 0.1140720064062878, 0.04748179544294971, 0.12551371208357517, 0.02476476642851025, 0.03636481466368751, 0.17565094320631955, 0.07720069804942994, 0.1237737145726204, 0.1140720064062878]
------------------------------------------------------
ferrDn
[0.002250200779804311, 0.003972962859578311, 0.0049004880203068635, 0.00167757407817274, 0.002384757431114161, 0.003165890683484979, 0.0020279042173623305, 0.004365766789860662, 0.0015852519632553635, 0.005836579925849714, 0.007787383961985988, 0.009812669869390639, 0.008344398899282767, 0.006063123069459132, 0.004721424548926035, 0.0072158929819024, 0.004291138046921409, 0.007853669233296907, 0.004964086894906463, 0.01885866658054425, 0.038399414046210986, 0.02546383174134997, 0.032584517665053776, 0.01571095890845592, 0.013587914068503917, 0.016126979345428533, 0.02199867618766077, 0.029982614856116467, 0.018523126276620575, 0.13040434315902827, 0.04748179544294971, 0.12551371208357517, 0.02476476642851025, 0.03636481466368751, 0.17565094320631955, 0.07720069804942994, 0.1237737145726204, 0.1254040169854159, 0.04748179544294971, 0.12551371208357517, 0.02476476642851025, 0.03636481466368751, 0.17565094320631955, 0.07720069804942994, 0.1237737145726204, 0.1254040169854159]
------------------------------------------------------
purity
[0.9320149786688122, 0.9317846256352481, 0.9309994880120002, 0.9435985126806087, 0.9439389286150144, 0.9443001149403957, 0.9649576044104213, 0.9643414506761374, 0.9677697713227477, 0.9691437937430001, 0.9320901283155115, 0.9322624698838179, 0.9318410874854287, 0.9434072685703541, 0.9436464469853338, 0.9441346976099265, 0.9645280032337347, 0.9648750443502332, 0.9679207250967579, 0.9691437937430001, 0.9328560109585201, 0.9327338413789187, 0.9316595519164937, 0.9435992213816956, 0.9435402569877751, 0.9436355087007615, 0.9643548650422458, 0.9642697739139454, 0.969143793743, 0.9665925489887291, 0.9325172286491291, 0.9351506205498572, 0.9434799608503973, 0.9433581828409715, 0.9691437937430001, 0.9667426222095687, 0.9691437937430001, 0.9589388147259167, 0.9362537982380001, 0.9285315544210001, 0.9435015592143333, 0.9438759308558887, 1.0, 0.9283238776746666, 1.0, 1.0]
------------------------------------------------------
pErr
[0.019441470390851187, 0.01936212719509785, 0.019091398062525387, 0.014258289553270489, 0.014002944167299476, 0.013732220241845536, 0.008575368015514133, 0.008808122498118437, 0.007516824185943189, 0.007001854595582862, 0.019467346580651256, 0.019526672997156408, 0.019381578641215244, 0.014401822262421796, 0.014222322972360616, 0.01385618158847851, 0.008737620152175149, 0.008606538153903819, 0.007460176761335981, 0.007001854595582861, 0.019730824296589653, 0.019688824719594912, 0.019319030152733636, 0.014257757766466822, 0.014302005508074644, 0.014230529981417448, 0.008803052001690704, 0.008835217989240338, 0.007001854595582862, 0.007959199652436046, 0.019614330330610816, 0.02051762874963057, 0.014347258328863043, 0.01443867151543629, 0.007001854595582861, 0.007902745364968688, 0.007001854595582861, 0.01086179887797158, 0.020894527325086624, 0.01823743016419038, 0.014331047887819835, 0.014050184785441155, 0.0, 0.02295081587549125, 0.0, 0.0]
------------------------------------------------------
DR
[1.0, 1.0, 1.0, 1.0, 1.0, 1.0, 1.0, 1.0, 1.0, 1.0, 1.0, 1.0, 1.0, 1.0, 1.0, 1.0, 1.0, 1.0, 1.0, 1.0, 1.0, 1.0, 1.0, 1.0, 1.0, 1.0, 1.0, 1.0, 1.0, 1.0, 1.0, 1.0, 1.0, 1.0, 1.0, 1.0, 1.0, 1.0, 1.0, 1.0, 1.0, 1.0, 1.0, 1.0, 1.0, 1.0]
------------------------------------------------------
DRup
[0.0, 0.0, 0.0, 0.0, 0.0, 0.0, 0.0, 0.0, 0.0, 0.0, 0.0, 0.0, 0.0, 0.0, 0.0, 0.0, 0.0, 0.0, 0.0, 0.0, 0.0, 0.0, 0.0, 0.0, 0.0, 0.0, 0.0, 0.0, 0.0, 0.0, 0.0, 0.0, 0.0, 0.0, 0.0, 0.0, 0.0, 0.0, 0.0, 0.0, 0.0, 0.0, 0.0, 0.0, 0.0, 0.0]
------------------------------------------------------
DRlow
[0.0, 0.0, 0.0, 0.0, 0.0, 0.0, 0.0, 0.0, 0.0, 0.0, 0.0, 0.0, 0.0, 0.0, 0.0, 0.0, 0.0, 0.0, 0.0, 0.0, 0.0, 0.0, 0.0, 0.0, 0.0, 0.0, 0.0, 0.0, 0.0, 0.0, 0.0, 0.0, 0.0, 0.0, 0.0, 0.0, 0.0, 0.0, 0.0, 0.0, 0.0, 0.0, 0.0, 0.0, 0.0, 0.0]
------------------------------------------------------
Yield
[24249.783693477984, 1317.150931334865, 82.16307871978255, 21967.141169569368, 4101.855688394087, 187.5560700809363, 1823.9582716133712, 59.52832947580314, 367.297437035494, 13.381581445844912, 4088.1263060654483, 1028.384876675971, 81.09084308969693, 3261.814091956589, 2562.2596250808197, 200.97879843365413, 472.4079558573977, 52.66449095561051, 120.44139517140354, 11.57952427658432, 235.35044015506554, 232.7584622032396, 29.12918473783472, 187.46283608561473, 430.60041509865295, 72.94607282433103, 57.59249693868214, 19.339814402990374, 13.42442708260149, 5.382785727086543, 21.416545851998805, 4.4465106712054405, 37.25772071575501, 15.257832936327654, 3.3819013034533723, 4.358915839101515, 0.9673915033056047, 1.4073083296968345, 1.387249118217302, 0.31535985254716903, 1.791277578279419, 1.9488774854678426, 0.0, 0.24621710311148187, 0.0, 0.0]
------------------------------------------------------
YstatUp
[0.010481785778297002, 0.04527363162782576, 0.16952125570521687, 0.010741100279427603, 0.025179132927944055, 0.11693416368767531, 0.036639071642413215, 0.2077887450525689, 0.07269873719009101, 0.3794975420132246, 0.02583396190660081, 0.05400096283714327, 0.17870546407021698, 0.028626887689417537, 0.03306576643935065, 0.11742953797289647, 0.07632283137399934, 0.2348701497424279, 0.13566875919291774, 0.48690813718260084, 0.10407840075290621, 0.11472003893169617, 0.30513021553160985, 0.11440993338931478, 0.08298909038957651, 0.20240737422273705, 0.2323060966518636, 0.42323843452224696, 0.46987810235278216, 0.743109646715404, 0.3676600292328154, 0.8414817063195275, 0.2737161273226563, 0.449320334611758, 1.137121856277611, 0.9459016365104996, 2.487114360447604, 1.4211526769196658, 1.4417021238190584, 6.172344644207874, 1.2483090307240972, 1.2568721025555691, 0.8479553352562094, 7.905664034989338, 0.9377864348828848, 0.9653462187220929]
------------------------------------------------------
YstatLow
[0.010481785778297002, 0.04527363162782576, 0.16952125570521687, 0.010741100279427603, 0.025179132927944055, 0.11693416368767531, 0.036639071642413215, 0.2077887450525689, 0.07269873719009101, 0.3794975420132246, 0.02583396190660081, 0.05400096283714327, 0.17870546407021698, 0.028626887689417537, 0.03306576643935065, 0.11742953797289647, 0.07632283137399934, 0.2348701497424279, 0.13566875919291774, 0.48690813718260084, 0.10407840075290621, 0.11472003893169617, 0.30513021553160985, 0.11440993338931478, 0.08298909038957651, 0.20240737422273705, 0.2323060966518636, 0.42323843452224696, 0.46987810235278216, 0.743109646715404, 0.3676600292328154, 0.8414817063195275, 0.2737161273226563, 0.449320334611758, 1.137121856277611, 0.9459016365104996, 2.487114360447604, 1.4211526769196658, 1.4417021238190584, 6.172344644207874, 1.2483090307240972, 1.2568721025555691, 0.8479553352562094, 7.905664034989338, 0.9377864348828848, 0.9653462187220929]
------------------------------------------------------
YsysUp
[0.30469729992625877, 0.30482670465514333, 0.3064553228169751, 0.3042271253731503, 0.30420580519953894, 0.3049255147249015, 0.3037427035118176, 0.30664809652869346, 0.30404513841559905, 0.32209959784857845, 0.30497486078428043, 0.30510685138509974, 0.30692921788867156, 0.30448196885258416, 0.30436323205005056, 0.30520586536441674, 0.304079456612571, 0.3068369702220631, 0.30551626290252604, 0.3213347314145987, 0.3101792604419875, 0.307074649983332, 0.313888287896117, 0.3087039922302552, 0.3051573477160124, 0.3078391747365898, 0.3082962328305733, 0.3146908147313062, 0.3195404735035617, 0.38843013932594334, 0.30952413887115093, 0.33626868136461613, 0.3062313006899338, 0.3098138239163667, 0.354452120465307, 0.32239790374369237, 0.3421203474658171, 0.38258841643600217, 0.309591261413736, 0.3354074954936419, 0.30460775068821455, 0.308359207151126, 0.35386534988365065, 0.32319988094557595, 0.3399371229866857, 0.3821755763258259]
------------------------------------------------------
YsysLow
[0.30469729992625877, 0.30482670465514333, 0.3064553228169751, 0.3042271253731503, 0.30420580519953894, 0.3049255147249015, 0.3037427035118176, 0.30664809652869346, 0.30404513841559905, 0.32209959784857845, 0.30497486078428043, 0.30510685138509974, 0.30692921788867156, 0.30448196885258416, 0.30436323205005056, 0.30520586536441674, 0.304079456612571, 0.3068369702220631, 0.30551626290252604, 0.3213347314145987, 0.3101792604419875, 0.307074649983332, 0.313888287896117, 0.3087039922302552, 0.3051573477160124, 0.3078391747365898, 0.3082962328305733, 0.3146908147313062, 0.3195404735035617, 0.38843013932594334, 0.30952413887115093, 0.33626868136461613, 0.3062313006899338, 0.3098138239163667, 0.354452120465307, 0.32239790374369237, 0.3421203474658171, 0.38611868799830207, 0.309591261413736, 0.3354074954936419, 0.30460775068821455, 0.308359207151126, 0.35386534988365065, 0.32319988094557595, 0.3399371229866857, 0.3857096264944647]
------------------------------------------------------