 binIndex : nMCGJ( nMCerr)|nMCEBt |nMCECt |Nobs |nEB| pEB(pEBerr) |nEC| pEC(pECerr) | trigW(trigWsysErr,trigWerr) | SF(SFerr) |ZgR(REr1) |f(fsysErr,+ferrUp-ferrDn) |purity(pErr)| DR(+DRup-DRlow)| Yield(+YstatUp-YstatLow,+YsysUp-YsysLow)
 1 : 33080.403( 138.987)|25706.807 |7373.596 |58419.0 |44276.0| 0.961(0.018) |14143.0| 0.923(0.048) | 1.0(0.02,0.014) | 1.0(0.058) |0.42(0.005) |0.969(0.3,+0.002-0.002) |0.952(0.025)| 1.0(+0.0-0.0)| 22627.284(+0.011-0.011,+0.308-0.308)
 2 : 2443.413( 18.632)|1904.811 |538.602 |3315.0 |2562.0| 0.961(0.018) |753.0| 0.923(0.048) | 1.0(0.02,0.014) | 1.0(0.058) |0.411(0.009) |0.973(0.3,+0.004-0.004) |0.953(0.025)| 1.0(+0.0-0.0)| 1262.218(+0.046-0.046,+0.308-0.308)
 3 : 175.286( 4.743)|141.456 |33.831 |197.0 |164.0| 0.961(0.018) |33.0| 0.923(0.048) | 1.0(0.02,0.012) | 1.0(0.057) |0.423(0.032) |0.979(0.3,+0.005-0.005) |0.955(0.023)| 1.0(+0.0-0.0)| 77.912(+0.18-0.18,+0.309-0.309)
 4 : 30521.137( 114.156)|24585.714 |5935.423 |49428.0 |39072.0| 0.966(0.016) |10356.0| 0.93(0.03) | 1.0(0.02,0.013) | 1.0(0.057) |0.419(0.004) |0.977(0.3,+0.002-0.002) |0.958(0.019)| 1.0(+0.0-0.0)| 19386.518(+0.011-0.011,+0.307-0.307)
 5 : 6770.288( 31.82)|5586.999 |1183.289 |9402.0 |7698.0| 0.966(0.016) |1704.0| 0.93(0.03) | 1.0(0.02,0.013) | 1.0(0.056) |0.42(0.005) |0.969(0.3,+0.002-0.002) |0.959(0.018)| 1.0(+0.0-0.0)| 3666.272(+0.026-0.026,+0.307-0.307)
 6 : 394.571( 7.177)|335.477 |59.094 |402.0 |351.0| 0.966(0.016) |51.0| 0.93(0.03) | 1.0(0.02,0.011) | 1.0(0.056) |0.436(0.021) |0.978(0.3,+0.003-0.003) |0.961(0.017)| 1.0(+0.0-0.0)| 164.786(+0.122-0.122,+0.307-0.307)
 7 : 2895.953( 20.107)|2596.542 |299.411 |3772.0 |3367.0| 0.982(0.008) |405.0| 0.915(0.052) | 1.0(0.02,0.011) | 1.0(0.054) |0.425(0.008) |0.985(0.3,+0.002-0.002) |0.975(0.013)| 1.0(+0.0-0.0)| 1541.034(+0.04-0.04,+0.306-0.306)
 8 : 123.432( 4.032)|112.397 |11.035 |142.0 |134.0| 0.982(0.008) |8.0| 0.915(0.052) | 1.0(0.02,0.01) | 1.0(0.053) |0.472(0.037) |0.984(0.3,+0.004-0.004) |0.978(0.01)| 1.0(+0.0-0.0)| 64.555(+0.185-0.185,+0.308-0.308)
 9 : 530.529( 8.381)|511.021 |19.508 |598.0 |566.0| 0.982(0.008) |32.0| 0.915(0.052) | 1.0(0.02,0.01) | 1.0(0.053) |0.449(0.018) |0.989(0.3,+0.002-0.002) |0.978(0.01)| 1.0(+0.0-0.0)| 260.016(+0.094-0.094,+0.306-0.306)
 10 : 22.612( 1.732)|21.972 |0.639 |27.0 |27.0| 0.982(0.008) |0.0| 0.915(0.052) | 1.0(0.02,0.008) | 1.0(0.053) |0.536(0.086) |0.991(0.3,+0.006-0.006) |0.982(0.008)| 1.0(+0.0-0.0)| 14.086(+0.387-0.387,+0.317-0.317)
 11 : 6193.563( 54.297)|4740.921 |1452.643 |9227.0 |6870.0| 0.961(0.018) |2357.0| 0.923(0.048) | 1.0(0.02,0.014) | 1.0(0.059) |0.426(0.01) |0.924(0.3,+0.008-0.008) |0.952(0.025)| 1.0(+0.0-0.0)| 3456.568(+0.028-0.028,+0.308-0.308)
 12 : 2190.397( 18.406)|1671.226 |519.172 |2687.0 |2065.0| 0.961(0.018) |622.0| 0.923(0.048) | 1.0(0.02,0.014) | 1.0(0.058) |0.424(0.01) |0.901(0.3,+0.01-0.01) |0.952(0.025)| 1.0(+0.0-0.0)| 977.416(+0.053-0.053,+0.308-0.308)
 13 : 187.813( 4.903)|150.19 |37.623 |190.0 |154.0| 0.961(0.018) |36.0| 0.923(0.048) | 1.0(0.02,0.013) | 1.0(0.057) |0.447(0.03) |0.945(0.3,+0.008-0.008) |0.954(0.023)| 1.0(+0.0-0.0)| 76.549(+0.18-0.18,+0.309-0.309)
 14 : 5327.821( 45.162)|4248.763 |1079.059 |7508.0 |5846.0| 0.966(0.016) |1662.0| 0.93(0.03) | 1.0(0.02,0.014) | 1.0(0.057) |0.431(0.009) |0.949(0.3,+0.006-0.006) |0.958(0.019)| 1.0(+0.0-0.0)| 2941.463(+0.029-0.029,+0.307-0.307)
 15 : 4979.167( 27.714)|4025.476 |953.691 |6026.0 |4863.0| 0.966(0.016) |1163.0| 0.93(0.03) | 1.0(0.02,0.013) | 1.0(0.057) |0.432(0.006) |0.928(0.3,+0.005-0.005) |0.959(0.018)| 1.0(+0.0-0.0)| 2314.8(+0.034-0.034,+0.307-0.307)
 16 : 437.195( 7.544)|367.334 |69.861 |426.0 |357.0| 0.966(0.016) |69.0| 0.93(0.03) | 1.0(0.02,0.012) | 1.0(0.056) |0.452(0.02) |0.932(0.3,+0.007-0.007) |0.96(0.018)| 1.0(+0.0-0.0)| 172.282(+0.12-0.12,+0.307-0.307)
 17 : 951.145( 11.317)|856.167 |94.978 |1048.0 |913.0| 0.982(0.008) |135.0| 0.915(0.052) | 1.0(0.02,0.011) | 1.0(0.054) |0.445(0.014) |0.966(0.3,+0.004-0.004) |0.973(0.014)| 1.0(+0.0-0.0)| 438.414(+0.074-0.074,+0.306-0.306)
 18 : 134.537( 4.207)|122.227 |12.31 |141.0 |125.0| 0.982(0.008) |16.0| 0.915(0.052) | 1.0(0.02,0.011) | 1.0(0.054) |0.489(0.036) |0.952(0.3,+0.008-0.008) |0.974(0.013)| 1.0(+0.0-0.0)| 63.974(+0.186-0.186,+0.308-0.308)
 19 : 203.59( 5.184)|196.987 |6.603 |198.0 |187.0| 0.982(0.008) |11.0| 0.915(0.052) | 1.0(0.02,0.01) | 1.0(0.052) |0.456(0.029) |0.969(0.3,+0.005-0.005) |0.978(0.01)| 1.0(+0.0-0.0)| 85.628(+0.164-0.164,+0.307-0.307)
 20 : 19.542( 1.607)|19.292 |0.249 |27.0 |27.0| 0.982(0.008) |0.0| 0.915(0.052) | 1.0(0.02,0.008) | 1.0(0.052) |0.597(0.091) |0.951(0.3,+0.019-0.019) |0.982(0.008)| 1.0(+0.0-0.0)| 15.043(+0.363-0.363,+0.319-0.319)
 21 : 339.079( 12.204)|260.155 |78.924 |476.0 |340.0| 0.961(0.018) |136.0| 0.923(0.048) | 1.0(0.02,0.015) | 1.0(0.059) |0.437(0.041) |0.907(0.3,+0.038-0.038) |0.95(0.026)| 1.0(+0.0-0.0)| 179.498(+0.122-0.122,+0.313-0.313)
 22 : 474.892( 9.158)|351.737 |123.155 |607.0 |437.0| 0.961(0.018) |170.0| 0.923(0.048) | 1.0(0.02,0.015) | 1.0(0.059) |0.453(0.022) |0.871(0.3,+0.025-0.025) |0.951(0.026)| 1.0(+0.0-0.0)| 227.601(+0.108-0.108,+0.31-0.31)
 23 : 65.802( 2.897)|51.595 |14.207 |74.0 |59.0| 0.961(0.018) |15.0| 0.923(0.048) | 1.0(0.02,0.013) | 1.0(0.057) |0.503(0.05) |0.888(0.3,+0.033-0.033) |0.954(0.024)| 1.0(+0.0-0.0)| 31.536(+0.273-0.273,+0.313-0.313)
 24 : 238.709( 9.598)|184.374 |54.335 |336.0 |237.0| 0.966(0.016) |99.0| 0.93(0.03) | 1.0(0.02,0.015) | 1.0(0.058) |0.457(0.045) |0.973(0.3,+0.016-0.016) |0.955(0.02)| 1.0(+0.0-0.0)| 142.711(+0.128-0.128,+0.311-0.311)
 25 : 871.007( 12.078)|694.481 |176.526 |1056.0 |830.0| 0.966(0.016) |226.0| 0.93(0.03) | 1.0(0.02,0.013) | 1.0(0.057) |0.464(0.016) |0.893(0.3,+0.014-0.014) |0.958(0.019)| 1.0(+0.0-0.0)| 418.932(+0.078-0.078,+0.308-0.308)
 26 : 154.924( 4.493)|124.881 |30.043 |181.0 |154.0| 0.966(0.016) |27.0| 0.93(0.03) | 1.0(0.02,0.012) | 1.0(0.057) |0.474(0.033) |0.888(0.3,+0.016-0.016) |0.96(0.018)| 1.0(+0.0-0.0)| 73.135(+0.184-0.184,+0.309-0.309)
 27 : 112.198( 3.888)|101.174 |11.024 |125.0 |108.0| 0.982(0.008) |17.0| 0.915(0.052) | 1.0(0.02,0.012) | 1.0(0.054) |0.467(0.039) |0.929(0.3,+0.022-0.022) |0.973(0.014)| 1.0(+0.0-0.0)| 52.775(+0.212-0.212,+0.309-0.309)
 28 : 50.301( 2.568)|45.103 |5.198 |42.0 |39.0| 0.982(0.008) |3.0| 0.915(0.052) | 1.0(0.02,0.01) | 1.0(0.054) |0.48(0.058) |0.872(0.3,+0.03-0.03) |0.977(0.011)| 1.0(+0.0-0.0)| 17.187(+0.377-0.377,+0.313-0.313)
 29 : 30.4( 1.995)|29.129 |1.271 |31.0 |28.0| 0.982(0.008) |3.0| 0.915(0.052) | 1.0(0.02,0.011) | 1.0(0.053) |0.455(0.076) |0.943(0.3,+0.019-0.019) |0.975(0.012)| 1.0(+0.0-0.0)| 12.968(+0.429-0.429,+0.315-0.315)
 30 : 7.907( 1.021)|7.907 |0.0 |8.0 |8.0| 0.982(0.008) |0.0| 0.915(0.052) | 1.0(0.02,0.008) | 1.0(0.052) |0.551(0.144) |0.852(0.3,+0.13-0.13) |0.982(0.008)| 1.0(+0.0-0.0)| 3.684(+0.892-0.892,+0.362-0.362)
 31 : 43.561( 2.887)|30.63 |12.931 |50.0 |40.0| 0.961(0.018) |10.0| 0.923(0.048) | 1.0(0.02,0.013) | 1.0(0.06) |0.453(0.022) |0.922(0.3,+0.047-0.047) |0.954(0.024)| 1.0(+0.0-0.0)| 19.906(+0.355-0.355,+0.312-0.312)
 32 : 13.277( 1.295)|9.677 |3.6 |17.0 |12.0| 0.961(0.018) |5.0| 0.923(0.048) | 1.0(0.02,0.015) | 1.0(0.059) |0.503(0.05) |0.762(0.3,+0.126-0.126) |0.95(0.026)| 1.0(+0.0-0.0)| 6.195(+0.666-0.666,+0.336-0.336)
 33 : 57.95( 2.997)|46.513 |11.438 |91.0 |64.0| 0.966(0.016) |27.0| 0.93(0.03) | 1.0(0.02,0.015) | 1.0(0.057) |0.464(0.016) |0.948(0.3,+0.025-0.025) |0.955(0.02)| 1.0(+0.0-0.0)| 38.238(+0.249-0.249,+0.308-0.308)
 34 : 25.838( 1.827)|20.782 |5.057 |37.0 |31.0| 0.966(0.016) |6.0| 0.93(0.03) | 1.0(0.02,0.012) | 1.0(0.056) |0.474(0.033) |0.862(0.3,+0.036-0.036) |0.96(0.018)| 1.0(+0.0-0.0)| 14.502(+0.419-0.419,+0.311-0.311)
 35 : 8.053( 1.116)|7.447 |0.606 |8.0 |7.0| 0.982(0.008) |1.0| 0.915(0.052) | 1.0(0.02,0.011) | 1.0(0.053) |0.467(0.039) |0.81(0.3,+0.176-0.176) |0.974(0.013)| 1.0(+0.0-0.0)| 2.946(+0.96-0.96,+0.355-0.355)
 36 : 8.145( 1.029)|6.664 |1.482 |3.0 |3.0| 0.982(0.008) |0.0| 0.915(0.052) | 1.0(0.02,0.008) | 1.0(0.059) |0.48(0.058) |0.772(0.3,+0.077-0.077) |0.982(0.008)| 1.0(+0.0-0.0)| 1.093(+2.201-2.201,+0.322-0.322)
 37 : 3.371( 0.662)|3.114 |0.257 |3.0 |3.0| 0.982(0.008) |0.0| 0.915(0.052) | 1.0(0.02,0.008) | 1.0(0.056) |0.455(0.076) |0.838(0.3,+0.124-0.124) |0.982(0.008)| 1.0(+0.0-0.0)| 1.123(+2.143-2.143,+0.339-0.339)
 38 : 0.659( 0.295)|0.659 |0.0 |0.0 |0.0| 0.982(0.008) |0.0| 0.915(0.052) | 1.0(0.02,0.0) | 1.0(0.05) |0.551(0.144) |0.898(0.3,+0.114-0.125) |1.0(0.0)| 1.0(+0.0-0.0)| 0.0(+1.301-1.301,+0.356-0.36)
 39 : 1.771( 0.474)|1.178 |0.593 |0.0 |0.0| 0.961(0.018) |0.0| 0.923(0.048) | 1.0(0.02,0.0) | 1.0(0.063) |0.453(0.022) |0.922(0.3,+0.047-0.047) |1.0(0.0)| 1.0(+0.0-0.0)| 0.0(+1.069-1.069,+0.312-0.312)
 40 : 0.822( 0.314)|0.479 |0.344 |0.0 |0.0| 0.961(0.018) |0.0| 0.923(0.048) | 1.0(0.02,0.0) | 1.0(0.06) |0.503(0.05) |0.762(0.3,+0.126-0.126) |1.0(0.0)| 1.0(+0.0-0.0)| 0.0(+1.188-1.188,+0.335-0.335)
 41 : 3.08( 0.695)|1.587 |1.493 |3.0 |2.0| 0.966(0.016) |1.0| 0.93(0.03) | 1.0(0.02,0.016) | 1.0(0.068) |0.464(0.016) |0.948(0.3,+0.025-0.025) |0.954(0.02)| 1.0(+0.0-0.0)| 1.259(+1.376-1.376,+0.311-0.311)
 42 : 2.72( 0.594)|1.714 |1.006 |3.0 |3.0| 0.966(0.016) |0.0| 0.93(0.03) | 1.0(0.02,0.008) | 1.0(0.063) |0.474(0.033) |0.862(0.3,+0.036-0.036) |0.966(0.016)| 1.0(+0.0-0.0)| 1.183(+2.034-2.034,+0.312-0.312)
 43 : 0.0( 0.0)|0.0 |0.0 |1.0 |1.0| 0.982(0.008) |0.0| 0.915(0.052) | 1.0(0.02,0.008) | 1.0(0.0) |0.467(0.039) |0.81(0.3,+0.176-0.176) |0.982(0.008)| 1.0(+0.0-0.0)| 0.371(+5.241-5.241,+0.351-0.351)
 44 : 1.06( 0.375)|0.932 |0.128 |2.0 |2.0| 0.982(0.008) |0.0| 0.915(0.052) | 1.0(0.02,0.008) | 1.0(0.057) |0.48(0.058) |0.772(0.3,+0.077-0.077) |0.982(0.008)| 1.0(+0.0-0.0)| 0.729(+3.003-3.003,+0.321-0.321)
 45 : 0.269( 0.19)|0.269 |0.0 |0.0 |0.0| 0.982(0.008) |0.0| 0.915(0.052) | 1.0(0.02,0.0) | 1.0(0.054) |0.455(0.076) |0.838(0.3,+0.124-0.124) |1.0(0.0)| 1.0(+0.0-0.0)| 0.0(+1.074-1.074,+0.338-0.338)
 46 : 0.256( 0.181)|0.256 |0.0 |0.0 |0.0| 0.982(0.008) |0.0| 0.915(0.052) | 1.0(0.02,0.0) | 1.0(0.044) |0.551(0.144) |0.898(0.3,+0.114-0.125) |1.0(0.0)| 1.0(+0.0-0.0)| 0.0(+1.301-1.301,+0.355-0.359)

binIndex
[1, 2, 3, 4, 5, 6, 7, 8, 9, 10, 11, 12, 13, 14, 15, 16, 17, 18, 19, 20, 21, 22, 23, 24, 25, 26, 27, 28, 29, 30, 31, 32, 33, 34, 35, 36, 37, 38, 39, 40, 41, 42, 43, 44, 45, 46]
------------------------------------------------------
nMCGJ
[33080.40341196954, 2443.412560964003, 175.28642144426703, 30521.136746509, 6770.287675265223, 394.57123289629817, 2895.953233473003, 123.43166669458151, 530.5294690057635, 22.611592650413513, 6193.563484262675, 2190.3973205257207, 187.81311543285847, 5327.821388697252, 4979.16719690524, 437.1950931251049, 951.145261388272, 134.5368092060089, 203.5897040590644, 19.541672244668007, 339.07887937501073, 474.89181997068226, 65.80198357999325, 238.7089072149247, 871.0067463852465, 154.92393927276134, 112.19817467406392, 50.30097849667072, 30.399806201457977, 7.906880788505077, 43.560927499085665, 13.276887368410826, 57.9504177570343, 25.83840998634696, 8.053187265992165, 8.145022995769978, 3.3705154955387115, 0.6588766276836395, 1.7713703960180283, 0.8224446401000023, 3.0802099406719208, 2.720341242849827, 0.0, 1.0601427853107452, 0.2688053250312805, 0.2557874768972397]
------------------------------------------------------
nMCerr
[138.98718167981758, 18.632013223759735, 4.743475137824136, 114.15583332376433, 31.81974695478101, 7.176637347042809, 20.107383256101365, 4.031502295580203, 8.380699282579029, 1.7320037964706563, 54.29720039969093, 18.405920815696707, 4.902650568200298, 45.161854090928884, 27.7141629253257, 7.5439004630858015, 11.316829580213474, 4.206595874335075, 5.183599470024021, 1.6072968856591219, 12.204177725888453, 9.157680845853804, 2.896879314434802, 9.598005523811576, 12.077586900128745, 4.49331286644064, 3.8876930588252536, 2.568283494333079, 1.9945280470342508, 1.0212067267042642, 2.887132200053459, 1.2950502592390785, 2.996648638313112, 1.8270212254303047, 1.116064806743494, 1.0291797788178634, 0.6617091808962777, 0.2947153679019458, 0.4742442690947651, 0.31406853482659775, 0.6952061868446141, 0.5939143950646413, 0.0, 0.3749298628608571, 0.19007406814867245, 0.18108258966987892]
------------------------------------------------------
nMCEBt
[25706.807328347117, 1904.8109872136265, 141.45570024102926, 24585.713504970074, 5586.9985725265, 335.4767400473356, 2596.542460102588, 112.39663377404213, 511.02143943309784, 21.972138047218323, 4740.92066272907, 1671.2257758639753, 150.19043612852693, 4248.762596528977, 4025.4760201387107, 367.3340890482068, 856.1667922027409, 122.22699788957834, 196.98674370348454, 19.292457818984985, 260.1547561176121, 351.73653782717884, 51.595025151968, 184.37383219972253, 694.4810479432344, 124.88071721792221, 101.17404193803668, 45.1028336212039, 29.12881249189377, 7.906880788505077, 30.629523292183876, 9.67710393667221, 46.51260758191347, 20.781628377735615, 7.447231203317642, 6.663508377969265, 3.1137491166591644, 0.6588766276836395, 1.1780661791563034, 0.4788534790277481, 1.587327629327774, 1.7139915078878403, 0.0, 0.9317595958709717, 0.2688053250312805, 0.2557874768972397]
------------------------------------------------------
nMCECt
[7373.596083622426, 538.6015737503767, 33.83072120323777, 5935.423241538927, 1183.2891027387232, 59.094492848962545, 299.410773370415, 11.03503292053938, 19.50802957266569, 0.6394546031951904, 1452.6428215336055, 519.1715446617454, 37.62267930433154, 1079.0587921682745, 953.6911767665297, 69.8610040768981, 94.97846918553114, 12.309811316430569, 6.602960355579853, 0.24921442568302155, 78.9241232573986, 123.15528214350343, 14.206958428025246, 54.335075015202165, 176.52569844201207, 30.043222054839134, 11.02413273602724, 5.198144875466824, 1.270993709564209, 0.0, 12.931404206901789, 3.599783431738615, 11.43781017512083, 5.056781608611345, 0.6059560626745224, 1.4815146178007126, 0.2567663788795471, 0.0, 0.5933042168617249, 0.3435911610722542, 1.4928823113441467, 1.0063497349619865, 0.0, 0.12838318943977356, 0.0, 0.0]
------------------------------------------------------
Nobs
[58419.0, 3315.0, 197.0, 49428.0, 9402.0, 402.0, 3772.0, 142.0, 598.0, 27.0, 9227.0, 2687.0, 190.0, 7508.0, 6026.0, 426.0, 1048.0, 141.0, 198.0, 27.0, 476.0, 607.0, 74.0, 336.0, 1056.0, 181.0, 125.0, 42.0, 31.0, 8.0, 50.0, 17.0, 91.0, 37.0, 8.0, 3.0, 3.0, 0.0, 0.0, 0.0, 3.0, 3.0, 1.0, 2.0, 0.0, 0.0]
------------------------------------------------------
nEB
[44276.0, 2562.0, 164.0, 39072.0, 7698.0, 351.0, 3367.0, 134.0, 566.0, 27.0, 6870.0, 2065.0, 154.0, 5846.0, 4863.0, 357.0, 913.0, 125.0, 187.0, 27.0, 340.0, 437.0, 59.0, 237.0, 830.0, 154.0, 108.0, 39.0, 28.0, 8.0, 40.0, 12.0, 64.0, 31.0, 7.0, 3.0, 3.0, 0.0, 0.0, 0.0, 2.0, 3.0, 1.0, 2.0, 0.0, 0.0]
------------------------------------------------------
pEB
[0.9612409354666666, 0.9612409354666666, 0.9612409354666666, 0.9657104593263334, 0.9657104593263334, 0.9657104593263334, 0.9819289765320001, 0.9819289765320001, 0.9819289765320001, 0.9819289765320001, 0.9612409354666666, 0.9612409354666666, 0.9612409354666666, 0.9657104593263334, 0.9657104593263334, 0.9657104593263334, 0.9819289765320001, 0.9819289765320001, 0.9819289765320001, 0.9819289765320001, 0.9612409354666666, 0.9612409354666666, 0.9612409354666666, 0.9657104593263334, 0.9657104593263334, 0.9657104593263334, 0.9819289765320001, 0.9819289765320001, 0.9819289765320001, 0.9819289765320001, 0.9612409354666666, 0.9612409354666666, 0.9657104593263334, 0.9657104593263334, 0.9819289765320001, 0.9819289765320001, 0.9819289765320001, 0.9819289765320001, 0.9612409354666666, 0.9612409354666666, 0.9657104593263334, 0.9657104593263334, 0.9819289765320001, 0.9819289765320001, 0.9819289765320001, 0.9819289765320001]
------------------------------------------------------
pEBerr
[0.017907750433013472, 0.017907750433013472, 0.017907750433013472, 0.015774517454531272, 0.015774517454531272, 0.015774517454531272, 0.008181634064180276, 0.008181634064180276, 0.008181634064180276, 0.008181634064180276, 0.017907750433013472, 0.017907750433013472, 0.017907750433013472, 0.015774517454531272, 0.015774517454531272, 0.015774517454531272, 0.008181634064180276, 0.008181634064180276, 0.008181634064180276, 0.008181634064180276, 0.017907750433013472, 0.017907750433013472, 0.017907750433013472, 0.015774517454531272, 0.015774517454531272, 0.015774517454531272, 0.008181634064180276, 0.008181634064180276, 0.008181634064180276, 0.008181634064180276, 0.017907750433013472, 0.017907750433013472, 0.015774517454531272, 0.015774517454531272, 0.008181634064180276, 0.008181634064180276, 0.008181634064180276, 0.008181634064180276, 0.017907750433013472, 0.017907750433013472, 0.015774517454531272, 0.015774517454531272, 0.008181634064180276, 0.008181634064180276, 0.008181634064180276, 0.008181634064180276]
------------------------------------------------------
nEC
[14143.0, 753.0, 33.0, 10356.0, 1704.0, 51.0, 405.0, 8.0, 32.0, 0.0, 2357.0, 622.0, 36.0, 1662.0, 1163.0, 69.0, 135.0, 16.0, 11.0, 0.0, 136.0, 170.0, 15.0, 99.0, 226.0, 27.0, 17.0, 3.0, 3.0, 0.0, 10.0, 5.0, 27.0, 6.0, 1.0, 0.0, 0.0, 0.0, 0.0, 0.0, 1.0, 0.0, 0.0, 0.0, 0.0, 0.0]
------------------------------------------------------
pEC
[0.9232578112983333, 0.9232578112983333, 0.9232578112983333, 0.9296478600020001, 0.9296478600020001, 0.9296478600020001, 0.9149493319753333, 0.9149493319753333, 0.9149493319753333, 0.9149493319753333, 0.9232578112983333, 0.9232578112983333, 0.9232578112983333, 0.9296478600020001, 0.9296478600020001, 0.9296478600020001, 0.9149493319753333, 0.9149493319753333, 0.9149493319753333, 0.9149493319753333, 0.9232578112983333, 0.9232578112983333, 0.9232578112983333, 0.9296478600020001, 0.9296478600020001, 0.9296478600020001, 0.9149493319753333, 0.9149493319753333, 0.9149493319753333, 0.9149493319753333, 0.9232578112983333, 0.9232578112983333, 0.9296478600020001, 0.9296478600020001, 0.9149493319753333, 0.9149493319753333, 0.9149493319753333, 0.9149493319753333, 0.9232578112983333, 0.9232578112983333, 0.9296478600020001, 0.9296478600020001, 0.9149493319753333, 0.9149493319753333, 0.9149493319753333, 0.9149493319753333]
------------------------------------------------------
pECerr
[0.04794225565492011, 0.04794225565492011, 0.04794225565492011, 0.029582583875297493, 0.029582583875297493, 0.029582583875297493, 0.05213560787606478, 0.05213560787606478, 0.05213560787606478, 0.05213560787606478, 0.04794225565492011, 0.04794225565492011, 0.04794225565492011, 0.029582583875297493, 0.029582583875297493, 0.029582583875297493, 0.05213560787606478, 0.05213560787606478, 0.05213560787606478, 0.05213560787606478, 0.04794225565492011, 0.04794225565492011, 0.04794225565492011, 0.029582583875297493, 0.029582583875297493, 0.029582583875297493, 0.05213560787606478, 0.05213560787606478, 0.05213560787606478, 0.05213560787606478, 0.04794225565492011, 0.04794225565492011, 0.029582583875297493, 0.029582583875297493, 0.05213560787606478, 0.05213560787606478, 0.05213560787606478, 0.05213560787606478, 0.04794225565492011, 0.04794225565492011, 0.029582583875297493, 0.029582583875297493, 0.05213560787606478, 0.05213560787606478, 0.05213560787606478, 0.05213560787606478]
------------------------------------------------------
trigW
[1.0, 1.0, 1.0, 1.0, 1.0, 1.0, 1.0, 1.0, 1.0, 1.0, 1.0, 1.0, 1.0, 1.0, 1.0, 1.0, 1.0, 1.0, 1.0, 1.0, 1.0, 1.0, 1.0, 1.0, 1.0, 1.0, 1.0, 1.0, 1.0, 1.0, 1.0, 1.0, 1.0, 1.0, 1.0, 1.0, 1.0, 1.0, 1.0, 1.0, 1.0, 1.0, 1.0, 1.0, 1.0, 1.0]
------------------------------------------------------
trigWsysErr
[0.02, 0.02, 0.02, 0.02, 0.02, 0.02, 0.02, 0.02, 0.02, 0.02, 0.02, 0.02, 0.02, 0.02, 0.02, 0.02, 0.02, 0.02, 0.02, 0.02, 0.02, 0.02, 0.02, 0.02, 0.02, 0.02, 0.02, 0.02, 0.02, 0.02, 0.02, 0.02, 0.02, 0.02, 0.02, 0.02, 0.02, 0.02, 0.02, 0.02, 0.02, 0.02, 0.02, 0.02, 0.02, 0.02]
------------------------------------------------------
trigWerr
[0.014135045623170544, 0.013784339402714932, 0.012385026091370557, 0.013370611813546977, 0.012707077428206764, 0.01143128485074627, 0.010973840845705197, 0.009776424929577466, 0.0097101081270903, 0.00845451, 0.014448291774141107, 0.013886070022329737, 0.012900318631578948, 0.013648589832179009, 0.012982989981745768, 0.012255015422535211, 0.011477065963740459, 0.011117090425531917, 0.009758065, 0.00845451, 0.015158507142857144, 0.015025973426688632, 0.013210724189189189, 0.015368007053571432, 0.013476159375000001, 0.01195466320441989, 0.011645612639999999, 0.010130509285714287, 0.01072521870967742, 0.00845451, 0.013147308, 0.015355683529411765, 0.015416353186813185, 0.01225948135135135, 0.01138750875, 0.00845451, 0.00845451, 0.0, 0.0, 0.0, 0.01627584, 0.00845451, 0.00845451, 0.00845451, 0.0, 0.0]
------------------------------------------------------
SF
[1.0, 1.0, 1.0, 1.0, 1.0, 1.0, 1.0, 1.0, 1.0, 1.0, 1.0, 1.0, 1.0, 1.0, 1.0, 1.0, 1.0, 1.0, 1.0, 1.0, 1.0, 1.0, 1.0, 1.0, 1.0, 1.0, 1.0, 1.0, 1.0, 1.0, 1.0, 1.0, 1.0, 1.0, 1.0, 1.0, 1.0, 1.0, 1.0, 1.0, 1.0, 1.0, 1.0, 1.0, 1.0, 1.0]
------------------------------------------------------
SFerr
[0.05834295989522674, 0.05797612873974693, 0.056647854290565104, 0.0571654105447007, 0.05645863360234325, 0.0559034187740293, 0.0543262642097303, 0.05348035826017638, 0.05260490347887671, 0.053256039861317425, 0.05869079452110412, 0.058300751426287475, 0.05661017331974034, 0.057329119761126895, 0.05687309361933486, 0.055876202230440014, 0.05412317411682349, 0.053815972632583954, 0.05225308224486953, 0.05174855998029185, 0.05892521536513838, 0.058896270171546, 0.05669091990246435, 0.05818451287567027, 0.0571314917434771, 0.05708605699186225, 0.05414376238149989, 0.05412138934883973, 0.05259205553121346, 0.05175345753852836, 0.060221049475527415, 0.05928140243983645, 0.056551580221200506, 0.056096237170618755, 0.053308932344610954, 0.058979122608213, 0.05552027997935474, 0.05003239495421599, 0.0626294989190009, 0.05963662078299722, 0.06814704673234631, 0.06300519222691012, 0.0, 0.05733978892168898, 0.05423457703972514, 0.04440755704912517]
------------------------------------------------------
ZgR
[0.41966513830676294, 0.4107302854115981, 0.4229520524162027, 0.41903066141526507, 0.419709411760214, 0.436281470310896, 0.4254598673000343, 0.4723356520800857, 0.4491853861817859, 0.5361327097198334, 0.4258837882237968, 0.4240642665975066, 0.44704230346870066, 0.43095959169547793, 0.431539848090748, 0.45193911613187954, 0.44490343176029534, 0.48911337590996656, 0.4562915622204975, 0.5968357386947543, 0.4372875248223523, 0.4528261661237204, 0.5030615652412309, 0.4570721328297868, 0.4639842815997927, 0.47356202008691783, 0.46703735921949663, 0.4804138894758998, 0.4548690491201503, 0.5507670096931724, 0.4528261661237204, 0.5030615652412309, 0.4639842815997927, 0.47356202008691783, 0.46703735921949663, 0.4804138894758998, 0.4548690491201503, 0.5507670096931724, 0.4528261661237204, 0.5030615652412309, 0.4639842815997927, 0.47356202008691783, 0.46703735921949663, 0.4804138894758998, 0.4548690491201503, 0.5507670096931724]
------------------------------------------------------
REr1
[0.004811760762766122, 0.008736394468440156, 0.03156210169665926, 0.004215955512702785, 0.005350145317277796, 0.021078303982411825, 0.007923658977849305, 0.037438947903848614, 0.018217132764690926, 0.08579511624214718, 0.009940964844715695, 0.0095849048930485, 0.030225084760313475, 0.009476082308230965, 0.006326266625397801, 0.019910244978637203, 0.013581802179728233, 0.035688057225711556, 0.02932649049867219, 0.09111667346485845, 0.040608477353814246, 0.021827998746162446, 0.050227396826684145, 0.04463746550112443, 0.015659212465934096, 0.033240588741413855, 0.03943586062673032, 0.05837546498880906, 0.07572329986614594, 0.14440272453836894, 0.021827998746162446, 0.050227396826684145, 0.015659212465934096, 0.033240588741413855, 0.03943586062673032, 0.05837546498880906, 0.07572329986614594, 0.14440272453836894, 0.021827998746162446, 0.050227396826684145, 0.015659212465934096, 0.033240588741413855, 0.03943586062673032, 0.05837546498880906, 0.07572329986614594, 0.14440272453836894]
------------------------------------------------------
f
[0.969432907698, 0.973145158757, 0.979263771362, 0.976889210827, 0.968630268912, 0.977559820541, 0.985131528509, 0.983965826053, 0.989420643321, 0.990962172524, 0.924415581298, 0.900613686123, 0.944646618266, 0.949206308714, 0.928448449434, 0.932263077866, 0.966073435266, 0.95206802902, 0.968901223366, 0.950653869399, 0.907367595812, 0.871073319118, 0.888424582686, 0.972950074516, 0.892513261282, 0.888482999934, 0.929254115212, 0.871710694575, 0.942829884842, 0.851514476336, 0.921928773995, 0.762406001333, 0.948291436198, 0.86223639719, 0.809934607131, 0.772346396222, 0.837954268482, 0.897608048896, 0.921928773995, 0.762406001333, 0.948291436198, 0.86223639719, 0.809934607131, 0.772346396222, 0.837954268482, 0.897608048896]
------------------------------------------------------
fsysErr
[0.3, 0.3, 0.3, 0.3, 0.3, 0.3, 0.3, 0.3, 0.3, 0.3, 0.3, 0.3, 0.3, 0.3, 0.3, 0.3, 0.3, 0.3, 0.3, 0.3, 0.3, 0.3, 0.3, 0.3, 0.3, 0.3, 0.3, 0.3, 0.3, 0.3, 0.3, 0.3, 0.3, 0.3, 0.3, 0.3, 0.3, 0.3, 0.3, 0.3, 0.3, 0.3, 0.3, 0.3, 0.3, 0.3]
------------------------------------------------------
ferrUp
[0.002250200779804311, 0.003972962859578311, 0.0049004880203068635, 0.00167757407817274, 0.002384757431114161, 0.003165890683484979, 0.0020279042173623305, 0.004365766789860662, 0.0015852519632553635, 0.005836579925849714, 0.007787383961985988, 0.009812669869390639, 0.008344398899282767, 0.006063123069459132, 0.004721424548926035, 0.0072158929819024, 0.004291138046921409, 0.007853669233296907, 0.004964086894906463, 0.01885866658054425, 0.038399414046210986, 0.02546383174134997, 0.032584517665053776, 0.01571095890845592, 0.013587914068503917, 0.016126979345428533, 0.02199867618766077, 0.029982614856116467, 0.018523126276620575, 0.13040434315902827, 0.04748179544294971, 0.12551371208357517, 0.02476476642851025, 0.03636481466368751, 0.17565094320631955, 0.07720069804942994, 0.1237737145726204, 0.1140720064062878, 0.04748179544294971, 0.12551371208357517, 0.02476476642851025, 0.03636481466368751, 0.17565094320631955, 0.07720069804942994, 0.1237737145726204, 0.1140720064062878]
------------------------------------------------------
ferrDn
[0.002250200779804311, 0.003972962859578311, 0.0049004880203068635, 0.00167757407817274, 0.002384757431114161, 0.003165890683484979, 0.0020279042173623305, 0.004365766789860662, 0.0015852519632553635, 0.005836579925849714, 0.007787383961985988, 0.009812669869390639, 0.008344398899282767, 0.006063123069459132, 0.004721424548926035, 0.0072158929819024, 0.004291138046921409, 0.007853669233296907, 0.004964086894906463, 0.01885866658054425, 0.038399414046210986, 0.02546383174134997, 0.032584517665053776, 0.01571095890845592, 0.013587914068503917, 0.016126979345428533, 0.02199867618766077, 0.029982614856116467, 0.018523126276620575, 0.13040434315902827, 0.04748179544294971, 0.12551371208357517, 0.02476476642851025, 0.03636481466368751, 0.17565094320631955, 0.07720069804942994, 0.1237737145726204, 0.1254040169854159, 0.04748179544294971, 0.12551371208357517, 0.02476476642851025, 0.03636481466368751, 0.17565094320631955, 0.07720069804942994, 0.1237737145726204, 0.1254040169854159]
------------------------------------------------------
purity
[0.9520453770847577, 0.9526130945922306, 0.9548782801491286, 0.9581547362826577, 0.9591745447072455, 0.9611353534419032, 0.9747373657034077, 0.978155475430216, 0.9783447815055563, 0.9819289765320001, 0.9515382993265602, 0.9524484147250576, 0.9540441329926665, 0.9577275024700411, 0.958750485377744, 0.9598693340836597, 0.9733008734641089, 0.9743284494901089, 0.9782078851677408, 0.9819289765320001, 0.9503886142757142, 0.9506031576929983, 0.953541653540653, 0.9550848720254137, 0.957992516667906, 0.96033095555972, 0.9728197448722934, 0.9771447162065238, 0.9754470754458711, 0.9819289765320001, 0.9536443106329999, 0.9500694283583333, 0.9550105672191136, 0.9598624702467118, 0.9735565209624167, 0.9819289765320001, 0.9819289765320001, 1.0, 1.0, 1.0, 0.953689592884889, 0.9657104593263334, 0.9819289765320001, 0.9819289765320001, 1.0, 1.0]
------------------------------------------------------
pErr
[0.024959116265208102, 0.02451983453766793, 0.022772306031702994, 0.018581467569351123, 0.018200027291675285, 0.017468897827830673, 0.012611503375093324, 0.010497902781355798, 0.01038127630462894, 0.008181634064180276, 0.02535192007074285, 0.024647204653732536, 0.02341486241222907, 0.018741507832568935, 0.01835854019871413, 0.017940618519859557, 0.013504194019622124, 0.01286535138273098, 0.010465610006684842, 0.008181634064180276, 0.02624406709881337, 0.026077419230277527, 0.02380247263218483, 0.01973460960902561, 0.018642217648517735, 0.01776847360036774, 0.013803774907516988, 0.011121369624462954, 0.012171433268531977, 0.008181634064180276, 0.02372325024681718, 0.02649213593001405, 0.019762612831648367, 0.017943179387188524, 0.013345132293472797, 0.008181634064180276, 0.008181634064180276, 0.0, 0.0, 0.0, 0.020261176249524254, 0.015774517454531272, 0.008181634064180276, 0.008181634064180276, 0.0, 0.0]
------------------------------------------------------
DR
[1.0, 1.0, 1.0, 1.0, 1.0, 1.0, 1.0, 1.0, 1.0, 1.0, 1.0, 1.0, 1.0, 1.0, 1.0, 1.0, 1.0, 1.0, 1.0, 1.0, 1.0, 1.0, 1.0, 1.0, 1.0, 1.0, 1.0, 1.0, 1.0, 1.0, 1.0, 1.0, 1.0, 1.0, 1.0, 1.0, 1.0, 1.0, 1.0, 1.0, 1.0, 1.0, 1.0, 1.0, 1.0, 1.0]
------------------------------------------------------
DRup
[0.0, 0.0, 0.0, 0.0, 0.0, 0.0, 0.0, 0.0, 0.0, 0.0, 0.0, 0.0, 0.0, 0.0, 0.0, 0.0, 0.0, 0.0, 0.0, 0.0, 0.0, 0.0, 0.0, 0.0, 0.0, 0.0, 0.0, 0.0, 0.0, 0.0, 0.0, 0.0, 0.0, 0.0, 0.0, 0.0, 0.0, 0.0, 0.0, 0.0, 0.0, 0.0, 0.0, 0.0, 0.0, 0.0]
------------------------------------------------------
DRlow
[0.0, 0.0, 0.0, 0.0, 0.0, 0.0, 0.0, 0.0, 0.0, 0.0, 0.0, 0.0, 0.0, 0.0, 0.0, 0.0, 0.0, 0.0, 0.0, 0.0, 0.0, 0.0, 0.0, 0.0, 0.0, 0.0, 0.0, 0.0, 0.0, 0.0, 0.0, 0.0, 0.0, 0.0, 0.0, 0.0, 0.0, 0.0, 0.0, 0.0, 0.0, 0.0, 0.0, 0.0, 0.0, 0.0]
------------------------------------------------------
Yield
[22627.283528364635, 1262.2181859306231, 77.91212786371315, 19386.51762143774, 3666.271610294469, 164.78615348221078, 1541.0336343473687, 64.5545677561166, 260.01577822282763, 14.08553092882154, 3456.5684324406698, 977.4157899586056, 76.54909532886145, 2941.463000893524, 2314.799733954421, 172.28209031770007, 438.4138763520423, 63.97378076262727, 85.62849118937633, 15.04253676004967, 179.49755231993282, 227.60100185673895, 31.536471022549694, 142.7107021332137, 418.9324298995853, 73.13503778544857, 52.775031932722555, 17.186842912205194, 12.968362199304899, 3.6840881868071493, 19.906060078627377, 6.194577757572338, 38.23795574072166, 14.501534215053804, 2.9461356211369387, 1.0930222692310687, 1.1228145592205545, 0.0, 0.0, 0.0, 1.258848291807333, 1.182963666475586, 0.3714339990665961, 0.7286815128207125, 0.0, 0.0]
------------------------------------------------------
YstatUp
[0.010681804877360883, 0.04561496365978025, 0.18014742033704848, 0.011467974398761509, 0.026447552478096735, 0.12167246599349672, 0.039854165906733394, 0.18459383591308917, 0.09404828694787287, 0.38748421178689485, 0.027789779504970087, 0.05303401199705711, 0.18006808170459454, 0.029457693693042106, 0.03353521846474772, 0.11980216517276485, 0.07384079259042935, 0.18561263607503978, 0.1643290344606243, 0.36283247544055336, 0.12154719631153794, 0.10824807355205568, 0.2727738706366879, 0.12844378526505243, 0.07756896172094604, 0.1839559321284788, 0.21184904069317498, 0.3770756928141572, 0.42933442768343194, 0.8915764045553146, 0.3552218663027898, 0.6655991395987433, 0.24947442480588583, 0.41945648233438665, 0.9600464773086977, 2.201248197567808, 2.1428412023055645, 1.3007666319423163, 1.0694561522343946, 1.1880989354155531, 1.3759011461835213, 2.0338860509677543, 5.2405264508882645, 3.003171493276044, 1.0742809038770151, 1.3007666319423163]
------------------------------------------------------
YstatLow
[0.010681804877360883, 0.04561496365978025, 0.18014742033704848, 0.011467974398761509, 0.026447552478096735, 0.12167246599349672, 0.039854165906733394, 0.18459383591308917, 0.09404828694787287, 0.38748421178689485, 0.027789779504970087, 0.05303401199705711, 0.18006808170459454, 0.029457693693042106, 0.03353521846474772, 0.11980216517276485, 0.07384079259042935, 0.18561263607503978, 0.1643290344606243, 0.36283247544055336, 0.12154719631153794, 0.10824807355205568, 0.2727738706366879, 0.12844378526505243, 0.07756896172094604, 0.1839559321284788, 0.21184904069317498, 0.3770756928141572, 0.42933442768343194, 0.8915764045553146, 0.3552218663027898, 0.6655991395987433, 0.24947442480588583, 0.41945648233438665, 0.9600464773086977, 2.201248197567808, 2.1428412023055645, 1.3007666319423163, 1.0694561522343946, 1.1880989354155531, 1.3759011461835213, 2.0338860509677543, 5.2405264508882645, 3.003171493276044, 1.0742809038770151, 1.3007666319423163]
------------------------------------------------------
YsysUp
[0.3076603231065599, 0.30764357757698, 0.3087088065400111, 0.3069405755121281, 0.30678102816398056, 0.30727080345824803, 0.3061008248116694, 0.3080367963517635, 0.30611061712643706, 0.3174421069947162, 0.30798627969277753, 0.3078756959335248, 0.30871114406128813, 0.30716561280537036, 0.30692418657400455, 0.3073152910907857, 0.3063434077827082, 0.30809184251630767, 0.3069524696644649, 0.3191774253042215, 0.31291256899428405, 0.3096763642376751, 0.31295284552124747, 0.310886483385794, 0.3076084993022403, 0.3090023733436038, 0.30934905908643573, 0.3128291689916886, 0.31544606949343473, 0.362041817766034, 0.31223901347782035, 0.3363456529687985, 0.3083582504625764, 0.3105581698806641, 0.35490569329305566, 0.32153475313084556, 0.3386367817086752, 0.35604467422574215, 0.31153400546745086, 0.3350119547887789, 0.3107699193943526, 0.31163649477109295, 0.3506377886479734, 0.32123809232540124, 0.33822380151077575, 0.35529790405057493]
------------------------------------------------------
YsysLow
[0.3076603231065599, 0.30764357757698, 0.3087088065400111, 0.3069405755121281, 0.30678102816398056, 0.30727080345824803, 0.3061008248116694, 0.3080367963517635, 0.30611061712643706, 0.3174421069947162, 0.30798627969277753, 0.3078756959335248, 0.30871114406128813, 0.30716561280537036, 0.30692418657400455, 0.3073152910907857, 0.3063434077827082, 0.30809184251630767, 0.3069524696644649, 0.3191774253042215, 0.31291256899428405, 0.3096763642376751, 0.31295284552124747, 0.310886483385794, 0.3076084993022403, 0.3090023733436038, 0.30934905908643573, 0.3128291689916886, 0.31544606949343473, 0.362041817766034, 0.31223901347782035, 0.3363456529687985, 0.3083582504625764, 0.3105581698806641, 0.35490569329305566, 0.32153475313084556, 0.3386367817086752, 0.35983545527787725, 0.31153400546745086, 0.3350119547887789, 0.3107699193943526, 0.31163649477109295, 0.3506377886479734, 0.32123809232540124, 0.33822380151077575, 0.3590965684231107]
------------------------------------------------------