36.494
16.094
7.3154
7.477
2.2234
2.3282
7.9977
5.9138
3.0459
1.1307
0.69999
0.58048
1.8224
2.1881
1.3618
0.45454
0.36953
0.17253
33.372
14.069
5.9865
4.5405
1.587
1.2882
11.246
7.6377
4.0218
1.1877
0.9454
0.34312
3.4334
3.7757
2.2304
0.14464
0.53827
0.20232
25.974
11.344
4.4191
2.7561
1.0729
0.45253
10.248
7.2721
3.686
0.83904
0.85603
0.26307
2.7974
3.7478
2.489
0.28462
0.57986
0.13165
9.3789
4.7761
1.8754
1.1985
0.062872
0.17411
4.731
3.968
1.698
0.20304
0.2554
0.21864
1.9022
2.4014
1.5778
0.29685
0.038296
0.0
