14.123
6.2316
2.8331
2.8959
0.86108
0.90169
3.0973
2.2904
1.1796
0.43792
0.2711
0.22481
0.7058
0.84746
0.52742
0.17604
0.14311
0.06682
12.921
5.4477
2.3185
1.7585
0.61463
0.4989
4.3556
2.958
1.5576
0.45999
0.36615
0.13288
1.3297
1.4623
0.86383
0.056019
0.20847
0.078359
10.058
4.3927
1.7115
1.0674
0.41554
0.17526
3.9688
2.8165
1.4276
0.32495
0.33154
0.10188
1.0834
1.4515
0.96398
0.11023
0.22458
0.050987
3.6316
1.8494
0.72633
0.46418
0.024349
0.067431
1.8323
1.5368
0.65763
0.078636
0.098917
0.084678
0.73671
0.93008
0.61106
0.11497
0.014831
0.0286
