500.42
104.58
22.643
21.871
2.4373
2.4582
31.375
17.927
5.137
0.84766
0.39166
0.20682
1.6343
2.6249
1.1647
0.12489
0.089047
0.018165
387.87
73.44
13.683
7.6543
1.1336
0.75053
58.8
28.844
8.0575
0.757
0.53344
0.071204
5.2095
6.9571
2.5453
0.016449
0.17603
0.021846
219.99
43.448
6.5708
2.7917
0.47586
0.1146
47.871
25.029
6.3675
0.46871
0.41043
0.050601
3.8269
6.8173
3.1183
0.067516
0.18819
0.012653
29.989
7.5357
1.1751
0.41854
0.0027023
0.0188
10.488
7.2395
1.4895
0.029871
0.0445
0.026104
1.7139
2.718
1.2467
0.035442
0.001646
0
