150.06
31.367
6.7926
6.5613
0.73117
0.73744
9.4122
5.3781
1.5411
0.25429
0.1175
0.062045
0.49028
0.78746
0.3494
0.037467
0.026713
0.0054493
116.33
22.027
4.1048
2.2963
0.34008
0.22515
17.64
8.6534
2.4172
0.2271
0.16003
0.02136
1.5628
2.0871
0.76357
0.0049345
0.052809
0.0065538
65.984
13.032
1.9712
0.83752
0.14276
0.03438
14.361
7.5087
1.9102
0.14061
0.12313
0.01518
1.1481
2.0452
0.9355
0.020255
0.056456
0.0037958
8.9948
2.2603
0.35251
0.12556
0.00081064
0.0056397
3.1464
2.1719
0.44685
0.0089614
0.01335
0.0078312
0.51415
0.81541
0.37401
0.010633
0.00049376
0.0639
