 binIndex : nMCGJ( nMCerr)|nMCEBt |nMCECt |Nobs |nEB| pEB(pEBerr) |nEC| pEC(pECerr) | trigW(trigWsysErr,trigWerr) | SF(SFerr) |ZgR(REr1) |f(fsysErr,+ferrUp-ferrDn) |purity(pErr)| DR(+DRup-DRlow)| Yield(+YstatUp-YstatLow,+YsysUp-YsysLow)
 1 : 37979.093( 0.067)|30601.81 |7377.283 |69843.0 |55117.0| 0.939(0.016) |14726.0| 0.964(0.015) | 1.0(0.02,0.009) | 0.974(0.067) |0.437(0.005) |0.969(0.3,+0.002-0.002) |0.945(0.015)| 1.0(+0.0-0.0)| 28703.3(+0.009-0.009,+0.309-0.309)
 2 : 2876.127( 0.067)|2328.78 |547.346 |3819.0 |3054.0| 0.939(0.016) |765.0| 0.964(0.015) | 1.0(0.02,0.009) | 0.974(0.067) |0.427(0.009) |0.973(0.3,+0.004-0.004) |0.944(0.015)| 1.0(+0.0-0.0)| 1538.38(+0.04-0.04,+0.309-0.309)
 3 : 211.427( 0.074)|176.354 |35.073 |250.0 |210.0| 0.939(0.016) |40.0| 0.964(0.015) | 1.0(0.02,0.009) | 0.974(0.067) |0.484(0.036) |0.979(0.3,+0.005-0.005) |0.943(0.015)| 1.0(+0.0-0.0)| 114.803(+0.138-0.138,+0.311-0.311)
 4 : 35521.286( 0.067)|29711.494 |5809.792 |60349.0 |49131.0| 0.953(0.012) |11218.0| 0.947(0.024) | 1.0(0.02,0.009) | 0.974(0.067) |0.444(0.004) |0.977(0.3,+0.002-0.002) |0.952(0.014)| 1.0(+0.0-0.0)| 25607.648(+0.01-0.01,+0.308-0.308)
 5 : 8144.174( 0.067)|6932.31 |1211.864 |11145.0 |9336.0| 0.953(0.012) |1809.0| 0.947(0.024) | 1.0(0.02,0.009) | 0.974(0.067) |0.433(0.006) |0.969(0.3,+0.002-0.002) |0.952(0.014)| 1.0(+0.0-0.0)| 4575.112(+0.023-0.023,+0.308-0.308)
 6 : 490.711( 0.07)|429.172 |61.539 |549.0 |485.0| 0.953(0.012) |64.0| 0.947(0.024) | 1.0(0.02,0.008) | 0.974(0.067) |0.433(0.024) |0.978(0.3,+0.003-0.003) |0.952(0.013)| 1.0(+0.0-0.0)| 227.122(+0.103-0.103,+0.309-0.309)
 7 : 3473.611( 0.067)|3190.126 |283.485 |4648.0 |4208.0| 0.974(0.006) |440.0| 0.885(0.056) | 1.0(0.02,0.008) | 0.974(0.067) |0.438(0.008) |0.985(0.3,+0.002-0.002) |0.966(0.01)| 1.0(+0.0-0.0)| 1991.336(+0.034-0.034,+0.308-0.308)
 8 : 148.243( 0.077)|139.147 |9.096 |202.0 |196.0| 0.974(0.006) |6.0| 0.885(0.056) | 1.0(0.02,0.008) | 0.974(0.067) |0.415(0.043) |0.984(0.3,+0.004-0.004) |0.972(0.007)| 1.0(+0.0-0.0)| 82.264(+0.173-0.173,+0.311-0.311)
 9 : 595.976( 0.07)|577.061 |18.915 |695.0 |673.0| 0.974(0.006) |22.0| 0.885(0.056) | 1.0(0.02,0.008) | 0.974(0.067) |0.547(0.021) |0.989(0.3,+0.002-0.002) |0.971(0.007)| 1.0(+0.0-0.0)| 375.019(+0.07-0.07,+0.309-0.309)
 10 : 23.007( 0.121)|22.805 |0.202 |45.0 |45.0| 0.974(0.006) |0.0| 0.885(0.056) | 1.0(0.02,0.007) | 0.974(0.067) |0.606(0.109) |0.991(0.3,+0.006-0.006) |0.974(0.006)| 1.0(+0.0-0.0)| 27.031(+0.256-0.256,+0.327-0.327)
 11 : 6390.175( 0.067)|5124.564 |1265.611 |11467.0 |8995.0| 0.939(0.016) |2472.0| 0.964(0.015) | 1.0(0.02,0.009) | 0.974(0.067) |0.448(0.01) |0.924(0.3,+0.008-0.008) |0.945(0.015)| 1.0(+0.0-0.0)| 4613.973(+0.023-0.023,+0.309-0.309)
 12 : 2234.69( 0.068)|1760.023 |474.667 |3337.0 |2601.0| 0.939(0.016) |736.0| 0.964(0.015) | 1.0(0.02,0.009) | 0.974(0.067) |0.414(0.011) |0.901(0.3,+0.01-0.01) |0.945(0.015)| 1.0(+0.0-0.0)| 1208.326(+0.048-0.048,+0.309-0.309)
 13 : 203.068( 0.074)|168.576 |34.492 |262.0 |215.0| 0.939(0.016) |47.0| 0.964(0.015) | 1.0(0.02,0.009) | 0.974(0.067) |0.45(0.037) |0.945(0.3,+0.008-0.008) |0.944(0.015)| 1.0(+0.0-0.0)| 108.101(+0.15-0.15,+0.311-0.311)
 14 : 5534.543( 0.067)|4577.551 |956.991 |9462.0 |7660.0| 0.953(0.012) |1802.0| 0.947(0.024) | 1.0(0.02,0.009) | 0.974(0.067) |0.436(0.01) |0.949(0.3,+0.006-0.006) |0.952(0.014)| 1.0(+0.0-0.0)| 3826.848(+0.025-0.025,+0.309-0.309)
 15 : 5163.637( 0.067)|4313.715 |849.921 |7664.0 |6299.0| 0.953(0.012) |1365.0| 0.947(0.024) | 1.0(0.02,0.009) | 0.974(0.067) |0.42(0.007) |0.928(0.3,+0.005-0.005) |0.952(0.014)| 1.0(+0.0-0.0)| 2922.097(+0.03-0.03,+0.309-0.309)
 16 : 467.216( 0.07)|402.4 |64.816 |540.0 |455.0| 0.953(0.012) |85.0| 0.947(0.024) | 1.0(0.02,0.009) | 0.974(0.067) |0.419(0.025) |0.932(0.3,+0.007-0.007) |0.952(0.014)| 1.0(+0.0-0.0)| 206.355(+0.113-0.113,+0.309-0.309)
 17 : 1017.086( 0.068)|931.911 |85.175 |1333.0 |1184.0| 0.974(0.006) |149.0| 0.885(0.056) | 1.0(0.02,0.008) | 0.974(0.067) |0.398(0.016) |0.966(0.3,+0.004-0.004) |0.964(0.011)| 1.0(+0.0-0.0)| 507.707(+0.072-0.072,+0.309-0.309)
 18 : 152.576( 0.077)|140.461 |12.115 |180.0 |165.0| 0.974(0.006) |15.0| 0.885(0.056) | 1.0(0.02,0.008) | 0.974(0.067) |0.377(0.043) |0.952(0.3,+0.008-0.008) |0.967(0.01)| 1.0(+0.0-0.0)| 64.167(+0.209-0.209,+0.311-0.311)
 19 : 199.325( 0.075)|193.202 |6.123 |260.0 |248.0| 0.974(0.006) |12.0| 0.885(0.056) | 1.0(0.02,0.008) | 0.974(0.067) |0.493(0.036) |0.969(0.3,+0.005-0.005) |0.97(0.008)| 1.0(+0.0-0.0)| 123.74(+0.13-0.13,+0.31-0.31)
 20 : 25.539( 0.115)|24.732 |0.807 |29.0 |28.0| 0.974(0.006) |1.0| 0.885(0.056) | 1.0(0.02,0.008) | 0.974(0.067) |0.44(0.104) |0.951(0.3,+0.019-0.019) |0.971(0.008)| 1.0(+0.0-0.0)| 12.101(+0.445-0.445,+0.326-0.326)
 21 : 334.274( 0.077)|258.256 |76.017 |665.0 |515.0| 0.939(0.016) |150.0| 0.964(0.015) | 1.0(0.02,0.009) | 0.974(0.067) |0.491(0.044) |0.907(0.3,+0.038-0.038) |0.945(0.015)| 1.0(+0.0-0.0)| 287.592(+0.09-0.09,+0.314-0.314)
 22 : 429.911( 0.071)|330.751 |99.16 |754.0 |573.0| 0.939(0.016) |181.0| 0.964(0.015) | 1.0(0.02,0.009) | 0.974(0.067) |0.421(0.026) |0.871(0.3,+0.025-0.025) |0.945(0.015)| 1.0(+0.0-0.0)| 268.526(+0.102-0.102,+0.311-0.311)
 23 : 60.279( 0.089)|48.299 |11.98 |92.0 |75.0| 0.939(0.016) |17.0| 0.964(0.015) | 1.0(0.02,0.009) | 0.974(0.067) |0.466(0.067) |0.888(0.3,+0.033-0.033) |0.944(0.015)| 1.0(+0.0-0.0)| 36.936(+0.26-0.26,+0.317-0.317)
 24 : 249.571( 0.079)|197.313 |52.258 |457.0 |360.0| 0.953(0.012) |97.0| 0.947(0.024) | 1.0(0.02,0.009) | 0.974(0.067) |0.462(0.047) |0.973(0.3,+0.016-0.016) |0.952(0.014)| 1.0(+0.0-0.0)| 201.006(+0.106-0.106,+0.312-0.312)
 25 : 817.039( 0.069)|671.873 |145.166 |1431.0 |1152.0| 0.953(0.012) |279.0| 0.947(0.024) | 1.0(0.02,0.009) | 0.974(0.067) |0.413(0.019) |0.893(0.3,+0.014-0.014) |0.952(0.014)| 1.0(+0.0-0.0)| 515.114(+0.073-0.073,+0.309-0.309)
 26 : 147.91( 0.077)|123.22 |24.69 |199.0 |165.0| 0.953(0.012) |34.0| 0.947(0.024) | 1.0(0.02,0.009) | 0.974(0.067) |0.41(0.043) |0.888(0.3,+0.016-0.016) |0.952(0.014)| 1.0(+0.0-0.0)| 70.947(+0.199-0.199,+0.312-0.312)
 27 : 107.098( 0.081)|99.497 |7.601 |165.0 |143.0| 0.974(0.006) |22.0| 0.885(0.056) | 1.0(0.02,0.009) | 0.974(0.067) |0.367(0.049) |0.929(0.3,+0.022-0.022) |0.962(0.012)| 1.0(+0.0-0.0)| 55.615(+0.231-0.231,+0.313-0.313)
 28 : 46.154( 0.096)|41.612 |4.542 |68.0 |62.0| 0.974(0.006) |6.0| 0.885(0.056) | 1.0(0.02,0.008) | 0.974(0.067) |0.36(0.078) |0.872(0.3,+0.03-0.03) |0.966(0.01)| 1.0(+0.0-0.0)| 21.172(+0.389-0.389,+0.319-0.319)
 29 : 27.862( 0.111)|26.681 |1.181 |29.0 |28.0| 0.974(0.006) |1.0| 0.885(0.056) | 1.0(0.02,0.008) | 0.974(0.067) |0.389(0.098) |0.943(0.3,+0.019-0.019) |0.971(0.008)| 1.0(+0.0-0.0)| 10.616(+0.507-0.507,+0.324-0.324)
 30 : 7.099( 0.196)|6.9 |0.199 |16.0 |16.0| 0.974(0.006) |0.0| 0.885(0.056) | 1.0(0.02,0.007) | 0.974(0.067) |0.413(0.206) |0.852(0.3,+0.13-0.13) |0.974(0.006)| 1.0(+0.0-0.0)| 5.631(+0.77-0.77,+0.393-0.393)
 31 : 33.477( 0.114)|26.812 |6.665 |66.0 |46.0| 0.939(0.016) |20.0| 0.964(0.015) | 1.0(0.02,0.01) | 0.974(0.067) |0.421(0.026) |0.922(0.3,+0.047-0.047) |0.947(0.015)| 1.0(+0.0-0.0)| 24.919(+0.326-0.326,+0.313-0.313)
 32 : 10.418( 0.156)|8.515 |1.903 |22.0 |15.0| 0.939(0.016) |7.0| 0.964(0.015) | 1.0(0.02,0.01) | 0.974(0.067) |0.466(0.067) |0.762(0.3,+0.126-0.126) |0.947(0.015)| 1.0(+0.0-0.0)| 7.606(+0.617-0.617,+0.34-0.34)
 33 : 54.583( 0.094)|44.159 |10.423 |114.0 |84.0| 0.953(0.012) |30.0| 0.947(0.024) | 1.0(0.02,0.01) | 0.974(0.067) |0.413(0.019) |0.948(0.3,+0.025-0.025) |0.951(0.015)| 1.0(+0.0-0.0)| 43.582(+0.245-0.245,+0.31-0.31)
 34 : 22.506( 0.119)|18.17 |4.335 |39.0 |30.0| 0.953(0.012) |9.0| 0.947(0.024) | 1.0(0.02,0.009) | 0.974(0.067) |0.41(0.043) |0.862(0.3,+0.036-0.036) |0.952(0.015)| 1.0(+0.0-0.0)| 13.488(+0.463-0.463,+0.314-0.314)
 35 : 6.168( 0.197)|5.144 |1.025 |13.0 |12.0| 0.974(0.006) |1.0| 0.885(0.056) | 1.0(0.02,0.008) | 0.974(0.067) |0.367(0.049) |0.81(0.3,+0.176-0.176) |0.967(0.01)| 1.0(+0.0-0.0)| 3.839(+0.939-0.939,+0.358-0.358)
 36 : 6.898( 0.187)|6.159 |0.738 |13.0 |12.0| 0.974(0.006) |1.0| 0.885(0.056) | 1.0(0.02,0.008) | 0.974(0.067) |0.36(0.078) |0.772(0.3,+0.077-0.077) |0.967(0.01)| 1.0(+0.0-0.0)| 3.59(+1.004-1.004,+0.327-0.327)
 37 : 1.238( 0.425)|1.036 |0.202 |5.0 |5.0| 0.974(0.006) |0.0| 0.885(0.056) | 1.0(0.02,0.007) | 0.974(0.067) |0.389(0.098) |0.838(0.3,+0.124-0.124) |0.974(0.006)| 1.0(+0.0-0.0)| 1.632(+1.71-1.71,+0.346-0.346)
 38 : 0.622( 0.597)|0.622 |0.0 |1.0 |1.0| 0.974(0.006) |0.0| 0.885(0.056) | 1.0(0.02,0.007) | 0.974(0.067) |0.413(0.206) |0.898(0.3,+0.114-0.125) |0.974(0.006)| 1.0(+0.0-0.0)| 0.371(+5.247-5.247,+0.388-0.391)
 39 : 0.898( 0.476)|0.505 |0.393 |6.0 |3.0| 0.939(0.016) |3.0| 0.964(0.015) | 1.0(0.02,0.011) | 0.974(0.067) |0.421(0.026) |0.922(0.3,+0.047-0.047) |0.952(0.015)| 1.0(+0.0-0.0)| 2.277(+1.076-1.076,+0.313-0.313)
 40 : 1.19( 0.426)|1.022 |0.168 |4.0 |3.0| 0.939(0.016) |1.0| 0.964(0.015) | 1.0(0.02,0.009) | 0.974(0.067) |0.466(0.067) |0.762(0.3,+0.126-0.126) |0.946(0.015)| 1.0(+0.0-0.0)| 1.381(+1.449-1.449,+0.34-0.34)
 41 : 1.176( 0.406)|0.9 |0.277 |3.0 |3.0| 0.953(0.012) |0.0| 0.947(0.024) | 1.0(0.02,0.007) | 0.974(0.067) |0.413(0.019) |0.948(0.3,+0.025-0.025) |0.953(0.012)| 1.0(+0.0-0.0)| 1.149(+2.094-2.094,+0.31-0.31)
 42 : 3.684( 0.251)|3.684 |0.0 |5.0 |2.0| 0.953(0.012) |3.0| 0.947(0.024) | 1.0(0.02,0.012) | 0.974(0.067) |0.41(0.043) |0.862(0.3,+0.036-0.036) |0.949(0.019)| 1.0(+0.0-0.0)| 1.725(+1.296-1.296,+0.314-0.314)
 43 : 0.207( 1.029)|0.207 |0.0 |0.0 |0.0| 0.974(0.006) |0.0| 0.885(0.056) | 1.0(0.02,0.0) | 0.974(0.067) |0.367(0.049) |0.81(0.3,+0.176-0.176) |1.0(0.0)| 1.0(+0.0-0.0)| 0.0(+0.867-0.867,+0.358-0.358)
 44 : 0.818( 0.518)|0.616 |0.202 |1.0 |1.0| 0.974(0.006) |0.0| 0.885(0.056) | 1.0(0.02,0.007) | 0.974(0.067) |0.36(0.078) |0.772(0.3,+0.077-0.077) |0.974(0.006)| 1.0(+0.0-0.0)| 0.278(+6.999-6.999,+0.327-0.327)
 45 : 0.0( 1.671)|0.0 |0.0 |0.0 |0.0| 0.974(0.006) |0.0| 0.885(0.056) | 1.0(0.02,0.0) | 0.974(0.067) |0.389(0.098) |0.838(0.3,+0.124-0.124) |1.0(0.0)| 1.0(+0.0-0.0)| 0.0(+0.919-0.919,+0.346-0.346)
 46 : 0.207( 1.029)|0.207 |0.0 |1.0 |1.0| 0.974(0.006) |0.0| 0.885(0.056) | 1.0(0.02,0.007) | 0.974(0.067) |0.413(0.206) |0.898(0.3,+0.114-0.125) |0.974(0.006)| 1.0(+0.0-0.0)| 0.371(+5.247-5.247,+0.388-0.391)

binIndex
[1, 2, 3, 4, 5, 6, 7, 8, 9, 10, 11, 12, 13, 14, 15, 16, 17, 18, 19, 20, 21, 22, 23, 24, 25, 26, 27, 28, 29, 30, 31, 32, 33, 34, 35, 36, 37, 38, 39, 40, 41, 42, 43, 44, 45, 46]
------------------------------------------------------
nMCGJ
[37979.09310289386, 2876.1265809854854, 211.4274769449755, 35521.28570401578, 8144.174055765363, 490.7114366301092, 3473.6114890206118, 148.24295726769972, 595.976052944933, 23.006824831315868, 6390.175274657975, 2234.6898102385317, 203.0679361044808, 5534.542646659908, 5163.636519091068, 467.21644418550454, 1017.0861236634403, 152.5755056096555, 199.32530601689174, 25.53895697419563, 334.27361331343394, 429.910861476359, 60.27854382766819, 249.5706829207942, 817.039130894703, 147.90969110148274, 107.09788849397394, 46.15353560268882, 27.862009366741127, 7.09877497768973, 33.47700537212535, 10.418306944143561, 54.58276449685374, 22.505574471616303, 6.168394259135191, 6.8975558876437395, 1.2378652334832185, 0.6217175296305948, 0.8983101306704051, 1.1901307500195808, 1.1764738388654983, 3.6840464086687597, 0.20723917654353158, 0.8176742501036074, 0.0, 0.20723917654353158]
------------------------------------------------------
nMCerr
[0.06692145528080824, 0.0673552720787866, 0.07388277696032515, 0.06688871991935198, 0.06699903809800371, 0.0699914991476807, 0.06726936616379536, 0.0771706876698045, 0.0695215442820058, 0.12075755633893323, 0.06740785717347958, 0.06754168337511508, 0.0741426588757887, 0.06735707675007227, 0.06712330597649739, 0.07014666126370513, 0.06838601755101156, 0.07676937309287277, 0.07455571392566439, 0.11451351599081226, 0.07735217439810857, 0.0709745376271166, 0.08874703851068057, 0.07930529304759418, 0.06894057440494353, 0.0768771797917146, 0.08055479429984719, 0.09562053839739784, 0.11057203293956208, 0.19609076249749693, 0.11434055788337279, 0.15557366175967274, 0.09417185258915813, 0.11884158029083813, 0.1971921839104194, 0.18669679092187225, 0.42465402574488686, 0.5967961498515566, 0.4762301181218283, 0.4255960220158915, 0.4059744530012658, 0.2511836010245692, 1.0293567223119668, 0.5179474550421121, 1.6713350459533973, 1.0293567223119668]
------------------------------------------------------
nMCEBt
[30601.809843137737, 2328.7804485190763, 176.35414071065483, 29711.4937895108, 6932.309628895379, 429.17235757712336, 3190.126123247001, 139.14714222828624, 577.0614168026974, 22.805155480550308, 5124.5643097448055, 1760.023120924841, 168.57551215397075, 4577.55138865894, 4313.715025966491, 402.4004727749703, 931.911370847514, 140.46073354679547, 193.2022022516243, 24.73227957113339, 258.2562768551908, 330.7509630966991, 48.29862382759295, 197.31308067013765, 671.8728565702235, 123.21993428732821, 99.49727526300931, 41.61196384920241, 26.68062413115155, 6.899906591539626, 26.812464593024554, 8.515313334902366, 44.159464399531096, 18.1703863333005, 5.143624529168176, 6.159136692454753, 1.036195882717658, 0.6217175296305948, 0.5052249209453823, 1.0218922059422042, 0.8996280804116402, 3.6840464086687597, 0.20723917654353158, 0.6160048993380467, 0.0, 0.20723917654353158]
------------------------------------------------------
nMCECt
[7377.283259756121, 547.3461324664088, 35.07333623432067, 5809.791914504977, 1211.8644268699838, 61.53907905298579, 283.485365773611, 9.095815039413484, 18.914636142235615, 0.20166935076556067, 1265.6109649131693, 474.6666893136908, 34.492423950510045, 956.991258000968, 849.9214931245772, 64.8159714105342, 85.17475281592625, 12.11477206286003, 6.123103765267459, 0.8066774030622427, 76.01733645824314, 99.15989837965994, 11.979920000075237, 52.25760225065655, 145.16627432447947, 24.689756814154514, 7.600613230964618, 4.54157175348641, 1.1813852355895786, 0.1988683861501043, 6.664540779100794, 1.9029936092411943, 10.423300097322644, 4.3351881383158055, 1.0247697299670147, 0.7384191951889859, 0.20166935076556067, 0.0, 0.39308520972502287, 0.16823854407737654, 0.27684575845385806, 0.0, 0.0, 0.20166935076556067, 0.0, 0.0]
------------------------------------------------------
Nobs
[69843.0, 3819.0, 250.0, 60349.0, 11145.0, 549.0, 4648.0, 202.0, 695.0, 45.0, 11467.0, 3337.0, 262.0, 9462.0, 7664.0, 540.0, 1333.0, 180.0, 260.0, 29.0, 665.0, 754.0, 92.0, 457.0, 1431.0, 199.0, 165.0, 68.0, 29.0, 16.0, 66.0, 22.0, 114.0, 39.0, 13.0, 13.0, 5.0, 1.0, 6.0, 4.0, 3.0, 5.0, 0.0, 1.0, 0.0, 1.0]
------------------------------------------------------
nEB
[55117.0, 3054.0, 210.0, 49131.0, 9336.0, 485.0, 4208.0, 196.0, 673.0, 45.0, 8995.0, 2601.0, 215.0, 7660.0, 6299.0, 455.0, 1184.0, 165.0, 248.0, 28.0, 515.0, 573.0, 75.0, 360.0, 1152.0, 165.0, 143.0, 62.0, 28.0, 16.0, 46.0, 15.0, 84.0, 30.0, 12.0, 12.0, 5.0, 1.0, 3.0, 3.0, 3.0, 2.0, 0.0, 1.0, 0.0, 1.0]
------------------------------------------------------
pEB
[0.9394312251323332, 0.9394312251323332, 0.9394312251323332, 0.9529458327956667, 0.9529458327956667, 0.9529458327956667, 0.9742914092513333, 0.9742914092513333, 0.9742914092513333, 0.9742914092513333, 0.9394312251323332, 0.9394312251323332, 0.9394312251323332, 0.9529458327956667, 0.9529458327956667, 0.9529458327956667, 0.9742914092513333, 0.9742914092513333, 0.9742914092513333, 0.9742914092513333, 0.9394312251323332, 0.9394312251323332, 0.9394312251323332, 0.9529458327956667, 0.9529458327956667, 0.9529458327956667, 0.9742914092513333, 0.9742914092513333, 0.9742914092513333, 0.9742914092513333, 0.9394312251323332, 0.9394312251323332, 0.9529458327956667, 0.9529458327956667, 0.9742914092513333, 0.9742914092513333, 0.9742914092513333, 0.9742914092513333, 0.9394312251323332, 0.9394312251323332, 0.9529458327956667, 0.9529458327956667, 0.9742914092513333, 0.9742914092513333, 0.9742914092513333, 0.9742914092513333]
------------------------------------------------------
pEBerr
[0.015525813581807048, 0.015525813581807048, 0.015525813581807048, 0.011582672615593903, 0.011582672615593903, 0.011582672615593903, 0.006018627194751928, 0.006018627194751928, 0.006018627194751928, 0.006018627194751928, 0.015525813581807048, 0.015525813581807048, 0.015525813581807048, 0.011582672615593903, 0.011582672615593903, 0.011582672615593903, 0.006018627194751928, 0.006018627194751928, 0.006018627194751928, 0.006018627194751928, 0.015525813581807048, 0.015525813581807048, 0.015525813581807048, 0.011582672615593903, 0.011582672615593903, 0.011582672615593903, 0.006018627194751928, 0.006018627194751928, 0.006018627194751928, 0.006018627194751928, 0.015525813581807048, 0.015525813581807048, 0.011582672615593903, 0.011582672615593903, 0.006018627194751928, 0.006018627194751928, 0.006018627194751928, 0.006018627194751928, 0.015525813581807048, 0.015525813581807048, 0.011582672615593903, 0.011582672615593903, 0.006018627194751928, 0.006018627194751928, 0.006018627194751928, 0.006018627194751928]
------------------------------------------------------
nEC
[14726.0, 765.0, 40.0, 11218.0, 1809.0, 64.0, 440.0, 6.0, 22.0, 0.0, 2472.0, 736.0, 47.0, 1802.0, 1365.0, 85.0, 149.0, 15.0, 12.0, 1.0, 150.0, 181.0, 17.0, 97.0, 279.0, 34.0, 22.0, 6.0, 1.0, 0.0, 20.0, 7.0, 30.0, 9.0, 1.0, 1.0, 0.0, 0.0, 3.0, 1.0, 0.0, 3.0, 0.0, 0.0, 0.0, 0.0]
------------------------------------------------------
pEC
[0.9644865701173333, 0.9644865701173333, 0.9644865701173333, 0.9468864281673334, 0.9468864281673334, 0.9468864281673334, 0.8846943180493333, 0.8846943180493333, 0.8846943180493333, 0.8846943180493333, 0.9644865701173333, 0.9644865701173333, 0.9644865701173333, 0.9468864281673334, 0.9468864281673334, 0.9468864281673334, 0.8846943180493333, 0.8846943180493333, 0.8846943180493333, 0.8846943180493333, 0.9644865701173333, 0.9644865701173333, 0.9644865701173333, 0.9468864281673334, 0.9468864281673334, 0.9468864281673334, 0.8846943180493333, 0.8846943180493333, 0.8846943180493333, 0.8846943180493333, 0.9644865701173333, 0.9644865701173333, 0.9468864281673334, 0.9468864281673334, 0.8846943180493333, 0.8846943180493333, 0.8846943180493333, 0.8846943180493333, 0.9644865701173333, 0.9644865701173333, 0.9468864281673334, 0.9468864281673334, 0.8846943180493333, 0.8846943180493333, 0.8846943180493333, 0.8846943180493333]
------------------------------------------------------
pECerr
[0.014999650318517965, 0.014999650318517965, 0.014999650318517965, 0.024477622567885625, 0.024477622567885625, 0.024477622567885625, 0.05595521178827425, 0.05595521178827425, 0.05595521178827425, 0.05595521178827425, 0.014999650318517965, 0.014999650318517965, 0.014999650318517965, 0.024477622567885625, 0.024477622567885625, 0.024477622567885625, 0.05595521178827425, 0.05595521178827425, 0.05595521178827425, 0.05595521178827425, 0.014999650318517965, 0.014999650318517965, 0.014999650318517965, 0.024477622567885625, 0.024477622567885625, 0.024477622567885625, 0.05595521178827425, 0.05595521178827425, 0.05595521178827425, 0.05595521178827425, 0.014999650318517965, 0.014999650318517965, 0.024477622567885625, 0.024477622567885625, 0.05595521178827425, 0.05595521178827425, 0.05595521178827425, 0.05595521178827425, 0.014999650318517965, 0.014999650318517965, 0.024477622567885625, 0.024477622567885625, 0.05595521178827425, 0.05595521178827425, 0.05595521178827425, 0.05595521178827425]
------------------------------------------------------
trigW
[1.0, 1.0, 1.0, 1.0, 1.0, 1.0, 1.0, 1.0, 1.0, 1.0, 1.0, 1.0, 1.0, 1.0, 1.0, 1.0, 1.0, 1.0, 1.0, 1.0, 1.0, 1.0, 1.0, 1.0, 1.0, 1.0, 1.0, 1.0, 1.0, 1.0, 1.0, 1.0, 1.0, 1.0, 1.0, 1.0, 1.0, 1.0, 1.0, 1.0, 1.0, 1.0, 1.0, 1.0, 1.0, 1.0]
------------------------------------------------------
trigWsysErr
[0.02, 0.02, 0.02, 0.02, 0.02, 0.02, 0.02, 0.02, 0.02, 0.02, 0.02, 0.02, 0.02, 0.02, 0.02, 0.02, 0.02, 0.02, 0.02, 0.02, 0.02, 0.02, 0.02, 0.02, 0.02, 0.02, 0.02, 0.02, 0.02, 0.02, 0.02, 0.02, 0.02, 0.02, 0.02, 0.02, 0.02, 0.02, 0.02, 0.02, 0.02, 0.02, 0.02, 0.02, 0.02, 0.02]
------------------------------------------------------
trigWerr
[0.00910738331787008, 0.009025763534956793, 0.008713284399999998, 0.008913924721370692, 0.008731227703903095, 0.00837669790528233, 0.008206862065404476, 0.0077033403960396025, 0.007718468244604318, 0.00747311, 0.009144052223772564, 0.009182670155828588, 0.008863572709923663, 0.008949274043542592, 0.008853621201722338, 0.008693188981481482, 0.008339510907726931, 0.008119034166666667, 0.007830852615384614, 0.007740388965517242, 0.009221476165413533, 0.009333782798408487, 0.008905376630434782, 0.00911830853391685, 0.008984328805031448, 0.008797416834170855, 0.008506588666666667, 0.008157029705882352, 0.007740388965517242, 0.00747311, 0.009821925151515152, 0.009939365909090909, 0.00951287052631579, 0.009261823076923078, 0.008069347692307691, 0.008069347692307691, 0.00747311, 0.00747311, 0.011348655, 0.0094108825, 0.007473110000000001, 0.012123764, 0.0, 0.00747311, 0.0, 0.00747311]
------------------------------------------------------
SF
[0.9735319735212031, 0.9735319735212031, 0.9735319735212031, 0.9735319735212031, 0.9735319735212031, 0.9735319735212031, 0.9735319735212031, 0.9735319735212031, 0.9735319735212031, 0.9735319735212031, 0.9735319735212031, 0.9735319735212031, 0.9735319735212031, 0.9735319735212031, 0.9735319735212031, 0.9735319735212031, 0.9735319735212031, 0.9735319735212031, 0.9735319735212031, 0.9735319735212031, 0.9735319735212031, 0.9735319735212031, 0.9735319735212031, 0.9735319735212031, 0.9735319735212031, 0.9735319735212031, 0.9735319735212031, 0.9735319735212031, 0.9735319735212031, 0.9735319735212031, 0.9735319735212031, 0.9735319735212031, 0.9735319735212031, 0.9735319735212031, 0.9735319735212031, 0.9735319735212031, 0.9735319735212031, 0.9735319735212031, 0.9735319735212031, 0.9735319735212031, 0.9735319735212031, 0.9735319735212031, 0.9735319735212031, 0.9735319735212031, 0.9735319735212031, 0.9735319735212031]
------------------------------------------------------
SFerr
[0.06678948893384838, 0.06678948893384838, 0.06678948893384838, 0.06678948893384838, 0.06678948893384838, 0.06678948893384838, 0.06678948893384838, 0.06678948893384838, 0.06678948893384838, 0.06678948893384838, 0.06678948893384838, 0.06678948893384838, 0.06678948893384838, 0.06678948893384838, 0.06678948893384838, 0.06678948893384838, 0.06678948893384838, 0.06678948893384838, 0.06678948893384838, 0.06678948893384838, 0.06678948893384838, 0.06678948893384838, 0.06678948893384838, 0.06678948893384838, 0.06678948893384838, 0.06678948893384838, 0.06678948893384838, 0.06678948893384838, 0.06678948893384838, 0.06678948893384838, 0.06678948893384838, 0.06678948893384838, 0.06678948893384838, 0.06678948893384838, 0.06678948893384838, 0.06678948893384838, 0.06678948893384838, 0.06678948893384838, 0.06678948893384838, 0.06678948893384838, 0.06678948893384838, 0.06678948893384838, 0.06678948893384838, 0.06678948893384838, 0.06678948893384838, 0.06678948893384838]
------------------------------------------------------
ZgR
[0.4368587692619583, 0.4266850017467463, 0.4838922362763309, 0.4442730132284885, 0.43340517457835254, 0.43266044862589825, 0.43837201446794977, 0.4146963228811302, 0.5465308022831805, 0.6056845173119352, 0.4484906362417115, 0.41421652523849456, 0.45047438040705373, 0.43581875974511164, 0.4200060320448801, 0.4191787649935845, 0.39803502045115774, 0.3770270593710419, 0.49290987294257366, 0.43999896511991143, 0.4909677040819326, 0.42099227707747355, 0.46600517475304376, 0.4624575578562378, 0.412543854775901, 0.41038121847304104, 0.3669370388122113, 0.35981059427989326, 0.3892032196700007, 0.41295690142502406, 0.42099227707747355, 0.46600517475304376, 0.412543854775901, 0.41038121847304104, 0.3669370388122113, 0.35981059427989326, 0.3892032196700007, 0.41295690142502406, 0.42099227707747355, 0.46600517475304376, 0.412543854775901, 0.41038121847304104, 0.3669370388122113, 0.35981059427989326, 0.3892032196700007, 0.41295690142502406]
------------------------------------------------------
REr1
[0.004671803982178997, 0.009459007554542338, 0.03600512137999693, 0.0039804248128660616, 0.005679023401193727, 0.02389618210181307, 0.008498649238170668, 0.043304406063272266, 0.020526272320985965, 0.10855910981666915, 0.010144356405115627, 0.010979291487868201, 0.03695299656715523, 0.009577877218851555, 0.007228518485770006, 0.02450603573933779, 0.015810150229044036, 0.042878204545210165, 0.03626196830551251, 0.10444175334200635, 0.043866523031149886, 0.026361129419029992, 0.0665307880047932, 0.04724390870937873, 0.018658966889585092, 0.04343926248970147, 0.04882067521177367, 0.07766139178080178, 0.0983055493252446, 0.2057900265681746, 0.026361129419029992, 0.0665307880047932, 0.018658966889585092, 0.04343926248970147, 0.04882067521177367, 0.07766139178080178, 0.0983055493252446, 0.2057900265681746, 0.026361129419029992, 0.0665307880047932, 0.018658966889585092, 0.04343926248970147, 0.04882067521177367, 0.07766139178080178, 0.0983055493252446, 0.2057900265681746]
------------------------------------------------------
f
[0.969432907698, 0.973145158757, 0.979263771362, 0.976889210827, 0.968630268912, 0.977559820541, 0.985131528509, 0.983965826053, 0.989420643321, 0.990962172524, 0.924415581298, 0.900613686123, 0.944646618266, 0.949206308714, 0.928448449434, 0.932263077866, 0.966073435266, 0.95206802902, 0.968901223366, 0.950653869399, 0.907367595812, 0.871073319118, 0.888424582686, 0.972950074516, 0.892513261282, 0.888482999934, 0.929254115212, 0.871710694575, 0.942829884842, 0.851514476336, 0.921928773995, 0.762406001333, 0.948291436198, 0.86223639719, 0.809934607131, 0.772346396222, 0.837954268482, 0.897608048896, 0.921928773995, 0.762406001333, 0.948291436198, 0.86223639719, 0.809934607131, 0.772346396222, 0.837954268482, 0.897608048896]
------------------------------------------------------
fsysErr
[0.3, 0.3, 0.3, 0.3, 0.3, 0.3, 0.3, 0.3, 0.3, 0.3, 0.3, 0.3, 0.3, 0.3, 0.3, 0.3, 0.3, 0.3, 0.3, 0.3, 0.3, 0.3, 0.3, 0.3, 0.3, 0.3, 0.3, 0.3, 0.3, 0.3, 0.3, 0.3, 0.3, 0.3, 0.3, 0.3, 0.3, 0.3, 0.3, 0.3, 0.3, 0.3, 0.3, 0.3, 0.3, 0.3]
------------------------------------------------------
ferrUp
[0.002250200779804311, 0.003972962859578311, 0.0049004880203068635, 0.00167757407817274, 0.002384757431114161, 0.003165890683484979, 0.0020279042173623305, 0.004365766789860662, 0.0015852519632553635, 0.005836579925849714, 0.007787383961985988, 0.009812669869390639, 0.008344398899282767, 0.006063123069459132, 0.004721424548926035, 0.0072158929819024, 0.004291138046921409, 0.007853669233296907, 0.004964086894906463, 0.01885866658054425, 0.038399414046210986, 0.02546383174134997, 0.032584517665053776, 0.01571095890845592, 0.013587914068503917, 0.016126979345428533, 0.02199867618766077, 0.029982614856116467, 0.018523126276620575, 0.13040434315902827, 0.04748179544294971, 0.12551371208357517, 0.02476476642851025, 0.03636481466368751, 0.17565094320631955, 0.07720069804942994, 0.1237737145726204, 0.1140720064062878, 0.04748179544294971, 0.12551371208357517, 0.02476476642851025, 0.03636481466368751, 0.17565094320631955, 0.07720069804942994, 0.1237737145726204, 0.1140720064062878]
------------------------------------------------------
ferrDn
[0.002250200779804311, 0.003972962859578311, 0.0049004880203068635, 0.00167757407817274, 0.002384757431114161, 0.003165890683484979, 0.0020279042173623305, 0.004365766789860662, 0.0015852519632553635, 0.005836579925849714, 0.007787383961985988, 0.009812669869390639, 0.008344398899282767, 0.006063123069459132, 0.004721424548926035, 0.0072158929819024, 0.004291138046921409, 0.007853669233296907, 0.004964086894906463, 0.01885866658054425, 0.038399414046210986, 0.02546383174134997, 0.032584517665053776, 0.01571095890845592, 0.013587914068503917, 0.016126979345428533, 0.02199867618766077, 0.029982614856116467, 0.018523126276620575, 0.13040434315902827, 0.04748179544294971, 0.12551371208357517, 0.02476476642851025, 0.03636481466368751, 0.17565094320631955, 0.07720069804942994, 0.1237737145726204, 0.1254040169854159, 0.04748179544294971, 0.12551371208357517, 0.02476476642851025, 0.03636481466368751, 0.17565094320631955, 0.07720069804942994, 0.1237737145726204, 0.1254040169854159]
------------------------------------------------------
purity
[0.9447140023648278, 0.9444501669792892, 0.9434400803299332, 0.951819477742217, 0.9519623009004083, 0.9522394541140394, 0.9658097569000251, 0.97163010951266, 0.9714552423355866, 0.9742914092513333, 0.9448325343503431, 0.9449573665494625, 0.9439258862555966, 0.9517918434551196, 0.951866619941064, 0.9519920376226882, 0.9642764305648381, 0.9668249849844999, 0.9701561588881641, 0.9712018543822988, 0.9450828067078971, 0.9454458371247537, 0.944061017140431, 0.9516597009598936, 0.951764439440457, 0.9519105576330369, 0.9623451304244, 0.9663857835570392, 0.9712018543822988, 0.9742914092513333, 0.9470237539156666, 0.9474033803548333, 0.9513512526303157, 0.9515475086506666, 0.967399325312718, 0.967399325312718, 0.9742914092513333, 0.9742914092513333, 0.9519588976248333, 0.9456950613785833, 0.9529458327956667, 0.9493101900186668, 1.0, 0.9742914092513333, 1.0, 0.9742914092513333]
------------------------------------------------------
pErr
[0.015412553136382453, 0.015418179592732551, 0.015439749415280826, 0.013967232988256204, 0.013664555509303277, 0.013077458577630185, 0.010348818086572554, 0.007369178198203936, 0.007458178519555943, 0.006018627194751928, 0.015410026389846157, 0.015407366026971757, 0.015429369545611053, 0.01402580734289609, 0.013867317005596451, 0.013601547487539611, 0.011139767104468908, 0.009826504640584531, 0.008120363985248518, 0.007587199607814491, 0.015404693415501079, 0.015396962733491861, 0.015426484199137277, 0.01430594704283643, 0.01408389696507824, 0.013774201755799707, 0.012139593052838763, 0.010052329829294732, 0.007587199607814491, 0.006018627194751928, 0.015363430082966551, 0.01535537922878869, 0.014960154760059867, 0.014543853782398149, 0.00953150417379914, 0.00953150417379914, 0.006018627194751928, 0.006018627194751928, 0.015259269825349914, 0.015391658973768898, 0.011582672615593903, 0.01929988869318511, 0.0, 0.006018627194751928, 0.0, 0.006018627194751928]
------------------------------------------------------
DR
[1.0, 1.0, 1.0, 1.0, 1.0, 1.0, 1.0, 1.0, 1.0, 1.0, 1.0, 1.0, 1.0, 1.0, 1.0, 1.0, 1.0, 1.0, 1.0, 1.0, 1.0, 1.0, 1.0, 1.0, 1.0, 1.0, 1.0, 1.0, 1.0, 1.0, 1.0, 1.0, 1.0, 1.0, 1.0, 1.0, 1.0, 1.0, 1.0, 1.0, 1.0, 1.0, 1.0, 1.0, 1.0, 1.0]
------------------------------------------------------
DRup
[0.0, 0.0, 0.0, 0.0, 0.0, 0.0, 0.0, 0.0, 0.0, 0.0, 0.0, 0.0, 0.0, 0.0, 0.0, 0.0, 0.0, 0.0, 0.0, 0.0, 0.0, 0.0, 0.0, 0.0, 0.0, 0.0, 0.0, 0.0, 0.0, 0.0, 0.0, 0.0, 0.0, 0.0, 0.0, 0.0, 0.0, 0.0, 0.0, 0.0, 0.0, 0.0, 0.0, 0.0, 0.0, 0.0]
------------------------------------------------------
DRlow
[0.0, 0.0, 0.0, 0.0, 0.0, 0.0, 0.0, 0.0, 0.0, 0.0, 0.0, 0.0, 0.0, 0.0, 0.0, 0.0, 0.0, 0.0, 0.0, 0.0, 0.0, 0.0, 0.0, 0.0, 0.0, 0.0, 0.0, 0.0, 0.0, 0.0, 0.0, 0.0, 0.0, 0.0, 0.0, 0.0, 0.0, 0.0, 0.0, 0.0, 0.0, 0.0, 0.0, 0.0, 0.0, 0.0]
------------------------------------------------------
Yield
[28703.300271436343, 1538.3795226993668, 114.80279288919247, 25607.648087590554, 4575.112016946265, 227.12180750700765, 1991.3359217032414, 82.26447192710833, 375.01875889281314, 27.030539659348566, 4613.973219588457, 1208.3261257359463, 108.10068325455005, 3826.8482351014845, 2922.0974598596435, 206.3548185542494, 507.70671339732047, 64.16684010047555, 123.74047958332255, 12.101281303698691, 287.5924488395719, 268.52617201736405, 36.93592493295047, 201.0064977442862, 515.1143974158565, 70.94725543250134, 55.61483110644899, 21.171690975502482, 10.616149982284929, 5.630609393535309, 24.91874048556618, 7.606492419813901, 43.58203217500863, 13.488345824720652, 3.8391972057591937, 3.589921763840507, 1.6319445560191648, 0.37096259460952075, 2.2771452165277055, 1.3805048553077717, 1.1488179197501418, 1.7252091611760114, 0.0, 0.27811519964094444, 0.0, 0.37096259460952075]
------------------------------------------------------
YstatUp
[0.009207243067662097, 0.040170879363686254, 0.13772651259541246, 0.009593240807133235, 0.023074819081515745, 0.10316380133156974, 0.034236434673424826, 0.17276802574196604, 0.07029742386956994, 0.2557459710332874, 0.023208647735710717, 0.047807269267608636, 0.1497346137778213, 0.025418518388638893, 0.029959395850254138, 0.11261137607569557, 0.0719121326616873, 0.20908631068618427, 0.1303091401527938, 0.4450078195842416, 0.08966714536667263, 0.1022584138789881, 0.2596838461210087, 0.10635257350549816, 0.07343720313104768, 0.19883413239412656, 0.23096775308152687, 0.38949233014863655, 0.50726156055827, 0.7698307898373471, 0.3260212292568195, 0.6166331997657055, 0.24498807694777253, 0.4629921325825537, 0.939141982614305, 1.004353719287398, 1.7101439336219457, 5.247185902709735, 1.0756844688711908, 1.4487453574034097, 2.0943382399272226, 1.2961141337642474, 0.8666086524981709, 6.998933173665839, 0.9191955078669053, 5.247185902709735]
------------------------------------------------------
YstatLow
[0.009207243067662097, 0.040170879363686254, 0.13772651259541246, 0.009593240807133235, 0.023074819081515745, 0.10316380133156974, 0.034236434673424826, 0.17276802574196604, 0.07029742386956994, 0.2557459710332874, 0.023208647735710717, 0.047807269267608636, 0.1497346137778213, 0.025418518388638893, 0.029959395850254138, 0.11261137607569557, 0.0719121326616873, 0.20908631068618427, 0.1303091401527938, 0.4450078195842416, 0.08966714536667263, 0.1022584138789881, 0.2596838461210087, 0.10635257350549816, 0.07343720313104768, 0.19883413239412656, 0.23096775308152687, 0.38949233014863655, 0.50726156055827, 0.7698307898373471, 0.3260212292568195, 0.6166331997657055, 0.24498807694777253, 0.4629921325825537, 0.939141982614305, 1.004353719287398, 1.7101439336219457, 5.247185902709735, 1.0756844688711908, 1.4487453574034097, 2.0943382399272226, 1.2961141337642474, 0.8666086524981709, 6.998933173665839, 0.9191955078669053, 5.247185902709735]
------------------------------------------------------
YsysUp
[0.30855828657341616, 0.30868313487974663, 0.31063729101238324, 0.30847047754981316, 0.30848294705108975, 0.3093268097103021, 0.30840172808721816, 0.31123755168162953, 0.30886870331922506, 0.32675993185799973, 0.308780617513951, 0.3088678965555755, 0.3108257021967236, 0.308652143687592, 0.3085548059107689, 0.3094737862242167, 0.3087439916846468, 0.3113254491472589, 0.31036699389605144, 0.32594791638790943, 0.3139776470958948, 0.3106900990794327, 0.3172793950506772, 0.31245393363393603, 0.30931003637768395, 0.31188941629600925, 0.3129664002483655, 0.3193096792576223, 0.3240145093764609, 0.39282023220309537, 0.313277466588923, 0.33966962209110885, 0.3100590064323005, 0.31363595162667524, 0.35812499487391597, 0.3271208329175774, 0.3463189577913239, 0.3877046101852702, 0.3133239588041257, 0.3396562105732436, 0.30985850353295463, 0.31398993050783525, 0.3579071779238967, 0.32702315916625324, 0.34618600387549936, 0.3877046101852702]
------------------------------------------------------
YsysLow
[0.30855828657341616, 0.30868313487974663, 0.31063729101238324, 0.30847047754981316, 0.30848294705108975, 0.3093268097103021, 0.30840172808721816, 0.31123755168162953, 0.30886870331922506, 0.32675993185799973, 0.308780617513951, 0.3088678965555755, 0.3108257021967236, 0.308652143687592, 0.3085548059107689, 0.3094737862242167, 0.3087439916846468, 0.3113254491472589, 0.31036699389605144, 0.32594791638790943, 0.3139776470958948, 0.3106900990794327, 0.3172793950506772, 0.31245393363393603, 0.30931003637768395, 0.31188941629600925, 0.3129664002483655, 0.3193096792576223, 0.3240145093764609, 0.39282023220309537, 0.313277466588923, 0.33966962209110885, 0.3100590064323005, 0.31363595162667524, 0.35812499487391597, 0.3271208329175774, 0.3463189577913239, 0.3911887135251152, 0.3133239588041257, 0.3396562105732436, 0.30985850353295463, 0.31398993050783525, 0.3579071779238967, 0.32702315916625324, 0.34618600387549936, 0.3911887135251152]
------------------------------------------------------